"Amount" "Sale" "Time" "Quits" "Neuroticism" "Extraversion" "Openness" "Agreeableness" "Conscientiousness"
"1" 27.65 0 1.10288709537112 FALSE 2.29166666666667 3.57770833333333 3.52083333333333 3.79166666666667 3.45833333333333
"2" 25.26 1 0.964652245682573 TRUE 1.97916666666667 4.16666666666667 3.27083333333333 4.16666666666667 3.4375
"3" 26.9 1 1.21680024871896 TRUE 2.83333333333333 3.875 3.5 3.4375 4.1875
"4" 25.67 1 1.31072535893774 TRUE 2.1875 3.22916666666667 3.35416666666667 3.20479166666667 3.60416666666667
"5" 30.03 0 1.34361321860145 FALSE 2.81145833333333 4.08333333333333 3.85416666666667 3.6875 3.74125
"6" 33.01 1 0.862707458916524 TRUE 2.81854166666667 3.39583333333333 2.95833333333333 3.10416666666667 3.27083333333333
"7" 32.31 0 1.27581319429175 TRUE 3.08625 3.04166666666667 3.89583333333333 3.58520833333333 3.4375
"8" 27.06 1 1.24857369418774 TRUE 2.64583333333333 3.70833333333333 3.9375 3.83333333333333 3.9375
"9" 36.69 0 0.752925286078399 TRUE 3.22916666666667 3.58333333333333 3.33333333333333 3.02083333333333 3.0625
"10" 45.35 1 0.0215368575501836 TRUE 3.6875 3.125 4.17604166666667 4.08333333333333 2.54166666666667
"11" 26.14 1 1.03376061202953 TRUE 2.29166666666667 3.79166666666667 3.39583333333333 3.20833333333333 3.91666666666667
"12" 25.95 1 0.968228158962647 TRUE 2.1875 3.95833333333333 4.08333333333333 3.27083333333333 3.54166666666667
"13" 29.2 0 0.326008059928592 TRUE 2.52083333333333 3.25 3.5 3.125625 3.125
"14" 36.04 1 0.695714387072468 TRUE 2.85708333333333 3.72916666666667 3.27083333333333 3.58520833333333 2.8125
"15" 35.78 1 0.711719109489582 TRUE 2.97916666666667 3.33333333333333 3.02083333333333 3.72916666666667 3.0625
"16" 35.9 1 0.325916103447292 TRUE 2.66666666666667 3.39583333333333 3.25 2.66666666666667 2.70833333333333
"17" 28.42 1 1.04934307980001 TRUE 2.27083333333333 3.875 3.25 2.375 3.1875
"18" 37.29 1 0.599142272966352 TRUE 3.39583333333333 3.35416666666667 3.10416666666667 3.35416666666667 3.39583333333333
"19" 27.45 0 1.03164615731049 FALSE 2.33333333333333 3.3125 3.25 3.27083333333333 3.39583333333333
"20" 38.21 1 0.708302240110177 TRUE 3.04166666666667 4.125 4.08333333333333 2.875 3
"21" 29.09 1 0.845442709459661 TRUE 2.41666666666667 3.91666666666667 3.25 3.64583333333333 3.35416666666667
"22" 28.69 0 0.791564214310797 TRUE 2.20833333333333 3.58333333333333 3.58333333333333 4.14583333333333 2.9375
"23" 31.37 1 1.41095614462154 FALSE 2.79041666666667 2.5 3.97916666666667 3.85416666666667 3.64583333333333
"24" 31.71 1 0.342122381315941 TRUE 2.29166666666667 2.85416666666667 4.1875 4.27083333333333 3.1875
"25" 36.58 1 0.504296517876518 TRUE 3.14583333333333 4.16666666666667 4.08333333333333 3.10416666666667 3.125
"26" 37.52 1 1.16351470012854 TRUE 3.47916666666667 3.125 2.97916666666667 3.3125 3.1875
"27" 27.92 1 0.341307342091188 TRUE 2.375 3.77083333333333 3.16666666666667 3.5 3.52083333333333
"28" 26.29 1 0.532758940504611 TRUE 2.29166666666667 3.22916666666667 3.72916666666667 3.70833333333333 3.6875
"29" 33.3 1 1.13107638896749 TRUE 2.64583333333333 3.375 3.79166666666667 3.72916666666667 3.29166666666667
"30" 35.37 1 0.695370314843488 TRUE 3.0625 3.14583333333333 4.125 3.4375 3.14583333333333
"31" 34.37 1 0.697343460318975 TRUE 2.70833333333333 3.79166666666667 3.60416666666667 3.75 3.20833333333333
"32" 24.5 0 1.59142373444653 FALSE 2.02083333333333 3.8125 3.8125 3.47916666666667 3.54166666666667
"33" 39.02 0 0.473836158531311 TRUE 3.14583333333333 3.77083333333333 3.72916666666667 3.375 2.95833333333333
"34" 42.84 1 0.562433969138205 TRUE 3.19479166666667 3.45833333333333 3.79166666666667 3.64583333333333 2.52083333333333
"35" 27.46 0 0.78334352865446 FALSE 2.45833333333333 3.5 3.5 3.16666666666667 3.5625
"36" 38.43 1 0.656268203243674 TRUE 3.08333333333333 3.39583333333333 4 3.22916666666667 3.10416666666667
"37" 37.93 0 0.219995852034403 TRUE 3.22916666666667 3.20833333333333 3.60416666666667 3.52083333333333 2.96166666666667
"38" 40.25 0 0.674660389324289 TRUE 2.97916666666667 2.6875 3.16666666666667 3.25 2.79166666666667
"39" 31.96 1 0.221541531349864 TRUE 3.0625 3.25 3.3125 3.48875 3.5
"40" 27.85 0 0.691862612738244 TRUE 2 3.02083333333333 3.79166666666667 3.5 2.9375
"41" 32.41 1 0.599025618907796 TRUE 2.5625 4.25 3.60416666666667 2.4375 3.02083333333333
"42" 41.64 1 0.41602290373531 TRUE 2.97916666666667 3.39583333333333 3.41666666666667 3.125 2.4375
"43" 36.37 0 0.527884488897757 TRUE 2.9375 3.0625 3.79166666666667 3.375 2.85416666666667
"44" 40.3 0 0.352640048151772 TRUE 3.0625 3.89583333333333 3.89583333333333 3.375 2.66666666666667
"45" 38.75 0 1.01993160830813 TRUE 3.27083333333333 3.52083333333333 3.1875 3.08333333333333 3
"46" 36.93 0 0.316815616953177 TRUE 3.29166666666667 3.5 3.61041666666667 2.8125 3.16666666666667
"47" 39.28 1 0.151829835917795 TRUE 3.10416666666667 2.97916666666667 4.125 3.27083333333333 2.838125
"48" 39.38 1 0.500105323661445 TRUE 3.45833333333333 3.475625 3.27083333333333 3.1875 3.14583333333333
"49" 37.38 0 1.51311732690346 TRUE 3 3.625 3.79166666666667 3.375 2.89583333333333
"50" 33.14 0 0.962804965426483 FALSE 3.14583333333333 3.60416666666667 3.22916666666667 3.125 3.5625
"51" 29.28 1 1.40069338539416 TRUE 2.67041666666667 3.35416666666667 3.4375 3.376875 3.77083333333333
"52" 41.55 1 0.638136613236692 TRUE 3.654375 3.97916666666667 3.60208333333333 3.58333333333333 2.79166666666667
"53" 34.19 0 0.431177248564622 TRUE 2.6875 3.54708333333333 3.78666666666667 3.35416666666667 3.10416666666667
"54" 31.1 1 0.499811429700267 TRUE 2.54166666666667 3.45833333333333 3.72916666666667 3.52083333333333 3.4375
"55" 41.23 0 0.25989245487448 TRUE 3.47916666666667 3.125 3.5 2.91666666666667 2.77083333333333
"56" 22.12 0 0.850957627283306 FALSE 2.02083333333333 3.72916666666667 3.4375 3.66666666666667 3.70833333333333
"57" 38.89 1 0.261419004720133 TRUE 2.79166666666667 3.58333333333333 3.91666666666667 3.75 2.35416666666667
"58" 27.26 1 0.355973802530877 TRUE 2.20833333333333 3.89583333333333 3.41666666666667 2.89583333333333 3.29166666666667
"59" 36.17 0 0.959339706072015 TRUE 3.14583333333333 3.29166666666667 3.22916666666667 3.52083333333333 2.97916666666667
"60" 32.57 0 0.850467072269896 TRUE 2.70833333333333 3.58333333333333 3.27083333333333 2.9375 2.9375
"61" 35.34 1 0.881667507390078 TRUE 3.27083333333333 3.9375 3.625 3.66666666666667 3.45833333333333
"62" 33.6 0 0.578025424067084 TRUE 2.75 3.39583333333333 3.5 3.52083333333333 3.39583333333333
"63" 30.19 1 0.8839151736855 TRUE 2.6875 2.89583333333333 3.41666666666667 3.27083333333333 3.47916666666667
"64" 50.96 0 0.0179032219873034 TRUE 3.60416666666667 2.85416666666667 3.91666666666667 3.6875 1.8125
"65" 39.16 1 1.05880730580639 FALSE 2.91666666666667 3.39583333333333 3.22833333333333 3.5 2.5
"66" 26.57 1 0.694035855224653 TRUE 2.52083333333333 3.6875 3.60416666666667 3.39583333333333 3.95833333333333
"67" 38.1 0 0.132620698033673 TRUE 3.10416666666667 3.8125 4.0625 3.77083333333333 2.83333333333333
"68" 27.16 0 0.55410523395429 FALSE 2.58333333333333 3.25 2.875 3.27083333333333 3.72916666666667
"69" 29.73 0 0.971404273488424 TRUE 2.39583333333333 3.54166666666667 3.75 3.47916666666667 3.41666666666667
"70" 21.58 1 0.627719210878293 FALSE 1.6875 4.25 3.9375 3.625 3.64583333333333
"71" 34.52 1 0.10572200649673 TRUE 3.29166666666667 3.16666666666667 3.8125 3.14583333333333 3.41666666666667
"72" 31.92 1 0.658840557086122 TRUE 2.33333333333333 3.58333333333333 3.72916666666667 3.7875 2.8125
"73" 40.15 1 0.332028497883166 TRUE 3.29166666666667 3.625 3.64583333333333 3.66666666666667 2.72916666666667
"74" 32.25 1 0.836627480258395 TRUE 2.60416666666667 3.14583333333333 3.27083333333333 3.5 3.16666666666667
"75" 21.06 1 1.14867715165797 TRUE 2.04166666666667 3.0625 3.5 3.58333333333333 3.97916666666667
"76" 38.92 0 0.598484158534297 TRUE 3.08625 3.47916666666667 3.41666666666667 3.54354166666667 2.97916666666667
"77" 33.27 1 0.488541095893041 TRUE 2.91666666666667 3.25 3.75 3.1875 3.5
"78" 36.35 0 0.678769659284059 TRUE 3.10416666666667 3.4375 2.88458333333333 3.1875 3.14583333333333
"79" 27.53 1 1.56867976479854 FALSE 2.52083333333333 3.54166666666667 3.83333333333333 3.54166666666667 3.54166666666667
"80" 31.45 1 0.26843819526272 TRUE 2.4375 3.70833333333333 3.16666666666667 3.52083333333333 3.14583333333333
"81" 39.63 1 0.82263005247058 FALSE 2.97916666666667 3.33333333333333 3.4375 3.375 2.79166666666667
"82" 36.48 1 1.10076335078818 TRUE 2.75 3.85416666666667 4.3125 3.54166666666667 2.75
"83" 50.05 0 1.26391185761679e-06 TRUE 4.10416666666667 3.52083333333333 4.40708333333333 3.604375 2.33333333333333
"84" 36.68 1 0.681240478892893 FALSE 2.83333333333333 3.52083333333333 3.9375 3.22916666666667 2.89583333333333
"85" 42.08 0 1.06702921837534 TRUE 3.29166666666667 3.64583333333333 3.41666666666667 3.1875 2.5625
"86" 36.81 1 0.786561247925041 FALSE 3.5 3.29166666666667 3.5625 3.0625 3.5625
"87" 42.11 0 0.604506381349853 TRUE 3.64583333333333 2.61895833333333 3.47916666666667 3.41666666666667 2.875
"88" 30.41 0 0.658510344098577 FALSE 3.04041666666667 3.0625 2.97916666666667 3.3125 3.77083333333333
"89" 42.81 1 0.323621482676184 TRUE 3.10416666666667 3.35416666666667 3.8125 3.20833333333333 2.4375
"90" 31.59 1 0.156747398083813 TRUE 2.58333333333333 3.33333333333333 3.20833333333333 2.91666666666667 3.16666666666667
"91" 35.81 0 0.71070824739354 FALSE 3 3.66666666666667 3.47916666666667 3.35416666666667 3.02083333333333
"92" 38.15 0 0.50360040005541 TRUE 2.89583333333333 3.5625 3.52083333333333 3.16666666666667 2.79166666666667
"93" 22.81 1 0.873308167576012 TRUE 2.25 3.66666666666667 3.6875 3.8125 3.85416666666667
"94" 31.87 1 0.505070350046902 TRUE 2.75 3.33333333333333 3.64583333333333 3.5625 3.25
"95" 34.6 1 0.316804873972437 TRUE 2.73208333333333 3.77083333333333 3.27083333333333 3.16125 2.89583333333333
"96" 20.07 0 0.266814110010524 TRUE 1.89583333333333 3.8125 3.75 2.33333333333333 4.02083333333333
"97" 24.3 1 0.944766062145234 TRUE 2.10416666666667 3.77083333333333 3.22916666666667 3.79166666666667 3.64583333333333
"98" 38.61 1 0.0648912324225421 TRUE 2.79166666666667 3.39583333333333 3.16666666666667 3.08333333333333 2.60416666666667
"99" 33.72 1 0.235463860032935 TRUE 2.72916666666667 3.66666666666667 3.41666666666667 3.70833333333333 3.04166666666667
"100" 39.4 0 0.467249838118499 TRUE 3.25 3.27083333333333 3.33333333333333 3.39583333333333 2.89583333333333
"101" 36 0 0.830694655134767 FALSE 3.1875 3.1875 3.89583333333333 4.16666666666667 3.47916666666667
"102" 24.9 0 0.879717209265412 TRUE 2.35416666666667 2.5625 3.54166666666667 3.52083333333333 3.91666666666667
"103" 31.98 0 0.787507276251087 TRUE 3.14583333333333 3.66666666666667 3.25 3.58333333333333 3.72916666666667
"104" 44.82 1 0.0740594801142052 TRUE 3.70833333333333 3.72916666666667 3.95833333333333 3.0625 2.6875
"105" 32.77 0 0.75662922007939 TRUE 2.85416666666667 3.79166666666667 3.64583333333333 3.52520833333333 3.29166666666667
"106" 35.75 1 0.458918785524437 TRUE 3.20833333333333 3.45833333333333 3.64583333333333 2.97916666666667 3.27083333333333
"107" 33.67 1 1.57484635100742 TRUE 2.79166666666667 3.8125 3.625 3.60416666666667 3.22916666666667
"108" 40.49 1 0.383902064492872 TRUE 3.91666666666667 3.16666666666667 3.27083333333333 3.70833333333333 3.4375
"109" 34.78 0 0.414275332819419 TRUE 3.22916666666667 3.4375 3.39583333333333 3.29166666666667 3.1875
"110" 31.53 1 0.999052816891783 FALSE 2.70833333333333 3.10416666666667 3.66666666666667 3.54166666666667 3.3125
"111" 37.11 1 0.229068097962918 TRUE 3.125 3.41666666666667 4.08333333333333 3.39583333333333 3.14583333333333
"112" 32.64 1 0.579315208804964 TRUE 3.07125 3.33333333333333 3.79166666666667 4.27083333333333 3.83333333333333
"113" 41.08 0 0.452555873807014 TRUE 3.625 2.33333333333333 2.9375 3.375 3.20833333333333
"114" 29.46 1 0.961963314541892 FALSE 2.0625 3.47604166666667 3.1875 3.5625 3.02083333333333
"115" 26.93 1 1.67002792333215 FALSE 2.16666666666667 3.91666666666667 4 3.75 3.41666666666667
"116" 22.22 1 1.66937466319935 TRUE 1.9375 3.8125 3.95833333333333 3.89583333333333 3.79166666666667
"117" 41.79 1 0.498040300968286 TRUE 3.4375 3.02083333333333 3.5625 3.41666666666667 2.79166666666667
"118" 31.46 0 0.140017938558529 TRUE 2.45833333333333 4 3.5625 3.5 3.27083333333333
"119" 37.46 1 0.406674432109088 TRUE 3.33333333333333 3.5 3.58333333333333 3.625 3.35416666666667
"120" 30.24 1 0.486345231496837 FALSE 2.54166666666667 3.85416666666667 4 3.16666666666667 3.58333333333333
"121" 35.96 1 0.215691843943563 TRUE 3.33333333333333 3.77083333333333 3.41666666666667 3.54166666666667 3.1875
"122" 36.87 1 0.779718491287913 TRUE 3.60416666666667 3.1875 3.8125 3.5625 3.45833333333333
"123" 36.19 1 0.0931762032920524 TRUE 2.8125 2.95833333333333 3.35416666666667 3.625 3
"124" 32.22 1 1.33545115199558 FALSE 2.875 2.95833333333333 3.375 3.52083333333333 3.35416666666667
"125" 28.89 1 1.13990793754792 TRUE 1.91666666666667 4.10416666666667 3.64583333333333 3.85416666666667 2.70833333333333
"126" 39.89 1 0.830544283888565 TRUE 3.1875 3.16666666666667 3.6875 3.52083333333333 2.83333333333333
"127" 42.85 1 0.345749777441422 TRUE 3.3125 3.64583333333333 4.10416666666667 3.83333333333333 2.58333333333333
"128" 28.1 1 0.86302453385576 TRUE 2.37104166666667 3.33854166666667 2.66666666666667 3.59729166666667 3.5625
"129" 36.04 0 1.07472803857402 FALSE 3.14583333333333 3.5625 3.5625 3.45833333333333 3.4375
"130" 32.88 1 1.34134936278209 FALSE 2.97916666666667 3.22916666666667 3.3125 3.77083333333333 3.4375
"131" 32.01 0 1.23439331135261 FALSE 2.83333333333333 3.20083333333333 3.40375 3.44229166666667 3.40208333333333
"132" 35.66 1 0.771029415932221 TRUE 3.22916666666667 3.625 4.125 3.04166666666667 3.4375
"133" 40.97 1 0.606817882117474 TRUE 3.875 2.64583333333333 3.625 2.52083333333333 3.29166666666667
"134" 29.01 0 1.07481128981737 FALSE 3.02083333333333 3.4375 3.16666666666667 3.64583333333333 4.04166666666667
"135" 29.9 1 0.312958530015935 TRUE 2.58333333333333 3.64583333333333 3.20833333333333 4.02083333333333 3.4375
"136" 38.78 0 1.05848686966532 TRUE 3 3.02083333333333 3.75 3.8125 2.72916666666667
"137" 37.46 1 1.02562587802558 TRUE 3.0625 3.97916666666667 4.08333333333333 3.3125 3.02083333333333
"138" 41.33 0 0.22219705039756 TRUE 3.5625 2.35416666666667 3.25 3.25 2.79166666666667
"139" 30.93 1 0.59589590978065 TRUE 2.47916666666667 3.52083333333333 3.56166666666667 3.8125 3.16666666666667
"140" 32.04 0 0.482303360785446 TRUE 2.60333333333333 3.625 2.91666666666667 2.95833333333333 2.95833333333333
"141" 44.32 1 0.266545927687422 TRUE 3.79166666666667 3.02083333333333 4.4375 3.4375 2.83333333333333
"142" 33.16 0 1.09071993220063 FALSE 3.02083333333333 3.64583333333333 3.22916666666667 2.875 3.47916666666667
"143" 30.86 0 0.86799400411907 TRUE 2.5625 3.54166666666667 3.875 3.85416666666667 3.3125
"144" 38.49 1 0.699211762657474 TRUE 3.25 3.89583333333333 3.64583333333333 3.41666666666667 3.16666666666667
"145" 36.83 1 1.904266893181 TRUE 3.02083333333333 3.77083333333333 4.02083333333333 3.39583333333333 3.10416666666667
"146" 31.49 1 0.496354762277886 TRUE 2.35416666666667 4.41666666666667 4.58333333333333 3.0625 3.33333333333333
"147" 28.28 1 0.790970325012161 TRUE 2.3125 3.6875 3.29166666666667 2.8125 3.5625
"148" 36.54 0 1.16467983139909 FALSE 2.64583333333333 3.3125 3.25 3.35416666666667 2.52083333333333
"149" 29.57 1 0.829380374405388 TRUE 2.72916666666667 3.875 3.85416666666667 3.0625 3.33333333333333
"150" 36.67 0 0.527801087493707 TRUE 3.16666666666667 3.52083333333333 3.85416666666667 3.16666666666667 3.39583333333333
"151" 33.15 0 0.793850692323376 TRUE 2.58333333333333 3.64583333333333 3.64583333333333 3.16666666666667 2.9375
"152" 28.5 0 0.27704737123048 TRUE 2.64583333333333 3.39229166666667 3.44979166666667 3.625 3.54166666666667
"153" 36.23 1 0.180464767706279 TRUE 3.10416666666667 3.47916666666667 4.04166666666667 3.70833333333333 3.0625
"154" 35.17 1 1.02925236163934 TRUE 3.02083333333333 3.64583333333333 3.875 3.83333333333333 3.14583333333333
"155" 29.36 1 0.588388491894651 TRUE 1.9375 3.02083333333333 3.16666666666667 3.29166666666667 2.8125
"156" 32.28 0 0.861518313361996 TRUE 2.5625 3.3125 3.53041666666667 3.14583333333333 3.125
"157" 32.45 1 0.189971240251097 TRUE 2.52083333333333 3.58333333333333 3.95833333333333 3.3125 3.1875
"158" 29.64 1 1.71080053112772 FALSE 2.77083333333333 3.41666666666667 3.58333333333333 3.41666666666667 3.58333333333333
"159" 30.77 1 1.43776420116659 TRUE 2.6875 3.47916666666667 3.97916666666667 3.33333333333333 3.875
"160" 34.23 1 0.145033718104736 TRUE 2.39583333333333 3.6875 4.35416666666667 3.60416666666667 2.9375
"161" 33.96 0 0.325407579154812 TRUE 2.79166666666667 3.9375 3.3125 3.33333333333333 3.1875
"162" 35.4 1 0.219313694607433 TRUE 2.52083333333333 3.29166666666667 3.4375 3.70833333333333 2.5
"163" 25.52 1 0.897198655313869 FALSE 2.33333333333333 3.20833333333333 3.33333333333333 3.95833333333333 3.89583333333333
"164" 34.99 1 1.13058697856163 TRUE 2.79166666666667 3.83333333333333 3.79166666666667 3.375 2.85416666666667
"165" 38 1 0.805247272962049 FALSE 3.47916666666667 3.54166666666667 3.625 3.64583333333333 3.0625
"166" 32.47 1 0.749611706637625 FALSE 2.95833333333333 3.5 3.66666666666667 3.64583333333333 3.52083333333333
"167" 40.27 1 0.621214659460439 TRUE 3.58333333333333 2.58333333333333 3.08333333333333 3.45833333333333 3
"168" 28.69 1 1.37889249312624 TRUE 2.29166666666667 3.72916666666667 3.79166666666667 3.79166666666667 3.41666666666667
"169" 35.53 0 0.301631604595324 TRUE 2.97833333333333 3.22916666666667 4.22916666666667 3.04166666666667 3.25
"170" 28.09 1 0.950184504729491 TRUE 2.39583333333333 3.79166666666667 3.85416666666667 3.25 3.70833333333333
"171" 32.58 0 1.0503442252895 FALSE 2.5625 3.5 3.14583333333333 3.3125 3.08333333333333
"172" 33.39 1 1.18433027923796 TRUE 2.72916666666667 3.66666666666667 2.9375 3.52083333333333 3.0625
"173" 37.16 0 0.333476581604171 TRUE 3.125 2.52083333333333 2.64583333333333 3.75 3.20833333333333
"174" 49.31 1 0.018726690609268 TRUE 4.35416666666667 3.0625 4.22916666666667 3.77083333333333 2.85416666666667
"175" 40.03 0 0.874110868898208 TRUE 3.125 3.5625 3.52083333333333 3.45833333333333 2.77083333333333
"176" 45.12 1 0.243163365569468 TRUE 3.6875 2.95833333333333 3.5625 3.75 2.70833333333333
"177" 45.59 1 0.662715113635632 TRUE 3.64583333333333 3.70833333333333 3.54166666666667 4.02083333333333 2.29166666666667
"178" 36.09 1 0.282960953401779 TRUE 3.16666666666667 3.3125 3.25 3.79166666666667 3.04166666666667
"179" 39.46 1 0.449790970077671 TRUE 3.22916666666667 3.70833333333333 3.96375 2.75 2.97916666666667
"180" 30.35 1 0.60985358635803 TRUE 2.66666666666667 3.52083333333333 3.5625 3.64583333333333 3.4375
"181" 38.81 1 0.208913915887459 TRUE 3.125 3.64583333333333 4.08333333333333 3.72916666666667 2.91666666666667
"182" 35.57 1 0.956907733613986 TRUE 2.89583333333333 3.47916666666667 3.375 3.6875 3
"183" 31.35 0 0.478253778333054 TRUE 2.625 3.0625 3.3125 3.22916666666667 3.39583333333333
"184" 33.29 0 0.35672292640825 TRUE 2.70833333333333 3.33333333333333 3.60416666666667 3.45833333333333 3.16666666666667
"185" 33.75 1 0.935565208965739 TRUE 2.79166666666667 3 3.3125 3.33333333333333 3.27083333333333
"186" 36.76 0 0.482112480302245 TRUE 3.20833333333333 3.77083333333333 3.5625 3.5 3.0625
"187" 33.96 0 1.12558655400575 FALSE 3.02083333333333 3.27083333333333 3.16666666666667 2.89583333333333 3.125
"188" 31.52 0 1.20449942817528 FALSE 2.603125 3.29166666666667 3.24145833333333 3.04166666666667 3.14583333333333
"189" 40.66 1 1.79332941175475 FALSE 3.375 3.474375 3.45833333333333 3.50375 2.93125
"190" 28.65 1 0.427470593711277 TRUE 2.4375 3.45833333333333 3.5 3.8125 3.4375
"191" 32.62 1 0.369347245373834 TRUE 2.58333333333333 3.58333333333333 3.22916666666667 3.64583333333333 2.95833333333333
"192" 26.8 0 1.15657689885217 TRUE 1.89583333333333 3.35416666666667 3.1875 3.33333333333333 3.08333333333333
"193" 29.24 1 0.916791157481247 TRUE 2.20833333333333 3.66666666666667 3.72916666666667 3.52083333333333 3.25
"194" 36.82 1 0.513096528730871 TRUE 2.85416666666667 3.75 3.27083333333333 3.54166666666667 2.77083333333333
"195" 32.84 1 0.24173312205218 TRUE 2.60416666666667 3.83333333333333 4.125 3.45833333333333 2.79166666666667
"196" 36.79 1 1.44988342132404 TRUE 2.97916666666667 3.35416666666667 3.33333333333333 3.64583333333333 3.14583333333333
"197" 29.62 1 0.222500651502268 TRUE 2.39583333333333 3.41666666666667 3.5625 3.60416666666667 3.375
"198" 38.82 0 1.49895077107971 TRUE 3.0625 3.4375 3.32854166666667 3.04166666666667 3.125
"199" 38.64 1 1.50061814199668 TRUE 3.47916666666667 3.89583333333333 3.10416666666667 3.25 3.3125
"200" 29.58 0 1.58508106986767 TRUE 2.35416666666667 3.5625 3.54166666666667 3.45833333333333 3.14583333333333
"201" 33.06 0 0.65815514211091 TRUE 2.4375 3.72916666666667 2.911875 3.625 2.77083333333333
"202" 38.67 1 1.90649239515827 TRUE 3.39583333333333 3.75 4.04166666666667 4.0625 3.39583333333333
"203" 42.51 1 0.652518137633192 TRUE 3.54166666666667 3.5 3.72916666666667 2.35416666666667 2.72916666666667
"204" 31.13 1 1.48372912001282 TRUE 2.14875 4.02083333333333 3.79166666666667 2.58520833333333 2.75
"205" 42.59 1 0.353885323069998 TRUE 3.35416666666667 3.08333333333333 3.83333333333333 3.60416666666667 2.66666666666667
"206" 36.46 1 1.90059831802086 TRUE 2.9375 3.64583333333333 3.98541666666667 3.77083333333333 3.08333333333333
"207" 33.86 1 0.562884228309327 TRUE 2.79166666666667 3.89583333333333 4.20833333333333 3.3125 3.22916666666667
"208" 35.42 1 0.700692219472066 FALSE 3.10416666666667 3.375 3.20833333333333 3.875 3.0625
"209" 32.05 1 0.896701788944662 TRUE 2.8125 2.89583333333333 3.41666666666667 2.75 3.5
"210" 40.64 0 0.539777658375547 TRUE 3.125 3.70833333333333 3.5 3.54166666666667 2.6875
"211" 28.03 0 0.6296262129955 FALSE 2.375 3.375 3.85416666666667 3.5 3.39583333333333
"212" 34.32 0 0.467041786249922 TRUE 3.125 2.79166666666667 3.41666666666667 3.29166666666667 3.375
"213" 33.94 0 0.37912870164576 TRUE 2.75 3.64583333333333 3.6875 3.29166666666667 3.32104166666667
"214" 31.22 1 0.210600466678128 TRUE 1.95833333333333 4.29166666666667 4.3125 2.72916666666667 2.79166666666667
"215" 25.51 1 0.886816431772353 FALSE 2.375 3.08333333333333 3.54166666666667 3.04166666666667 3.70833333333333
"216" 33.15 0 1.04623472406852 TRUE 2.83333333333333 3.52083333333333 3.39583333333333 2.91666666666667 3.1875
"217" 31.34 1 0.258359370378175 TRUE 2.52083333333333 3.40125 3.39583333333333 3.5 3.25
"218" 26.82 1 0.761738666382686 TRUE 2.04458333333333 3.27083333333333 4.08333333333333 4.08520833333333 3.39583333333333
"219" 27.02 0 1.85650290694031 TRUE 2.58333333333333 3.64583333333333 3.70833333333333 3.27083333333333 3.9375
"220" 38.72 0 0.632576153278167 TRUE 3.70833333333333 2.77083333333333 3.83333333333333 2.72916666666667 3.52083333333333
"221" 36.77 1 0.222011362311612 TRUE 2.91666666666667 3.62020833333333 3.91666666666667 3.47916666666667 2.79166666666667
"222" 29.23 0 1.24456209016178 TRUE 2.4375 3.85416666666667 3.6875 4.02083333333333 3.52083333333333
"223" 32.59 0 0.434436956310433 TRUE 2.625 3.25 2.91666666666667 2.97916666666667 2.8125
"224" 29.36 1 0.974061307841359 TRUE 2.60708333333333 3.54166666666667 3.72916666666667 3.314375 3.47916666666667
"225" 34.82 1 1.23993988254161 TRUE 2.66958333333333 3.9375 3.89583333333333 3.60604166666667 3.1875
"226" 22.36 1 0.489919464325698 FALSE 2.25 3.41666666666667 4.05770833333333 3.77083333333333 4.0625
"227" 28.14 1 0.353756199196973 TRUE 2.35416666666667 3.6175 3.375 3.875 3.45833333333333
"228" 34.78 1 0.285847299772652 TRUE 3 3.57166666666667 3.41666666666667 2.97916666666667 3.20833333333333
"229" 30.5 1 1.23641674636629 TRUE 2.72916666666667 3.20833333333333 3.91666666666667 3.58333333333333 3.66666666666667
"230" 30.93 0 1.26832769763447 TRUE 2.27083333333333 3.5625 3.58333333333333 3.33333333333333 3.08333333333333
"231" 36.5 0 0.297287344660095 TRUE 2.70833333333333 3.97916666666667 3.58333333333333 2.77083333333333 3.02083333333333
"232" 35.08 1 0.371229514245669 TRUE 2.77083333333333 3.5 3.91666666666667 3.45833333333333 2.85416666666667
"233" 27.57 1 1.27909271785384 TRUE 2.83333333333333 3.39583333333333 3.97916666666667 3.6875 4.125
"234" 31.91 0 0.586955325645245 TRUE 2.6875 3.41666666666667 3.1875 3.0625 3.47916666666667
"235" 31.91 0 0.477592373638173 TRUE 2.58333333333333 3.33333333333333 3.5625 3.5 3.41666666666667
"236" 35.14 1 0.958429547175363 TRUE 2.89583333333333 3.72916666666667 3.5625 3.22916666666667 3.27083333333333
"237" 34.8 1 0.280693328243518 TRUE 2.875 3.5625 3.47916666666667 3.31541666666667 3.20833333333333
"238" 37.5 0 0.282114716619406 TRUE 3.20833333333333 3.26625 3.54166666666667 3.54166666666667 3.16666666666667
"239" 23.73 0 0.568797974557583 TRUE 2.20833333333333 4.08333333333333 3.41666666666667 3.29166666666667 3.75
"240" 26.42 0 0.623970479593398 TRUE 2.75 4.10416666666667 3.875 3.9375 4.29166666666667
"241" 37.03 1 0.573825319264226 TRUE 2.875 3.91666666666667 3.75 2.97916666666667 2.77083333333333
"242" 39.49 0 0.232417815179902 TRUE 3.5 2.79166666666667 3.1875 3.22916666666667 3.10416666666667
"243" 33.97 0 0.287727166745596 TRUE 2.77083333333333 3.3125 3.75 3.4375 2.97916666666667
"244" 25.66 0 0.517577556171517 FALSE 2.125 2.39583333333333 3.29166666666667 3.9375 3.70833333333333
"245" 26.19 1 0.916180361309734 TRUE 2.375 3.52083333333333 3.25 3.35416666666667 3.64583333333333
"246" 24.21 0 0.767804924816418 FALSE 1.91666666666667 3.25 3.64583333333333 3.41666666666667 3.58333333333333
"247" 33.05 0 0.319266895357702 TRUE 3.02083333333333 2.625 3.70833333333333 3.29166666666667 3.52083333333333
"248" 43.65 1 0.20797421987897 TRUE 3.6875 2.95833333333333 3.20833333333333 3.41666666666667 2.85416666666667
"249" 34.68 1 0.521560352004366 TRUE 3 3.35416666666667 3.125 3.29166666666667 3.22916666666667
"250" 33.47 0 0.509931455280046 TRUE 2.85416666666667 3.29166666666667 3.75 3.29166666666667 3.27083333333333
"251" 32.46 1 0.561723987718486 TRUE 2.625 3.29166666666667 3.89583333333333 3.29166666666667 3.25
"252" 28.77 1 0.732013383304417 FALSE 2.625 3.64583333333333 3.77083333333333 3.52083333333333 3.83333333333333
"253" 33.4 0 0.441959538278068 TRUE 3.08333333333333 3.64583333333333 3.375 3.47916666666667 3.8125
"254" 42.16 0 0.383063252801934 TRUE 3.95833333333333 2.79166666666667 4.08333333333333 3.41666666666667 3.375
"255" 30.96 1 0.622218266700549 TRUE 2.58333333333333 3.625 3.47916666666667 3.27083333333333 3.35416666666667
"256" 30.55 1 0.56672427058787 TRUE 2.64583333333333 3.97916666666667 4.0625 3.10416666666667 3.25
"257" 33.61 1 0.429464588871256 TRUE 3.04166666666667 3.25 3.16666666666667 3.4375 3.125
"258" 33.79 1 0.751356954302957 TRUE 2.91666666666667 3.4375 3.60416666666667 3.35416666666667 3.05625
"259" 35.81 0 0.525710582371918 TRUE 2.95833333333333 3.375 3.29166666666667 3.16666666666667 3.29166666666667
"260" 37.9 0 0.736638408066648 TRUE 3.20833333333333 3.52083333333333 4.08333333333333 3.89583333333333 3.16666666666667
"261" 26.58 1 1.12645584335295 TRUE 2.29166666666667 4.27083333333333 3.75 3.83333333333333 3.625
"262" 27.97 1 1.11276311153746 TRUE 2 3.54166666666667 4.14583333333333 3.625 3.0625
"263" 29.48 1 0.67540943555027 TRUE 2.6875 3.91666666666667 4.16666666666667 3.66666666666667 3.75
"264" 35.84 1 0.918970953934994 TRUE 3.10416666666667 3.3125 3.75 3.52083333333333 3.25
"265" 32.29 1 0.0070100031240156 TRUE 2.6875 3.41666666666667 4.525 3.91666666666667 3.47916666666667
"266" 36.63 1 1.13081014361431 FALSE 3.02083333333333 3.20833333333333 3.83333333333333 3.4375 2.75
"267" 35.13 1 0.906172354138625 TRUE 3 3.8125 4.14583333333333 3.89583333333333 3.39583333333333
"268" 35.4 0 0.873216682216429 TRUE 2.75 3.625 3.22916666666667 3.4375 2.8125
"269" 25.02 1 0.723331303118065 TRUE 2.33333333333333 3.97916666666667 3.89583333333333 3.60416666666667 3.97916666666667
"270" 37.2 0 0.567621188344732 TRUE 2.9375 3.41666666666667 3.58333333333333 3.85416666666667 2.60416666666667
"271" 31.99 1 0.733321318379056 FALSE 2.8125 2.66666666666667 3.20833333333333 3.0625 3.39583333333333
"272" 37.83 0 0.657478866712193 TRUE 3.04104166666667 3.14583333333333 2.97916666666667 3.22916666666667 2.77083333333333
"273" 32.45 1 0.497882076484736 TRUE 2.4375 3.875 4 3.6875 2.95833333333333
"274" 35.26 1 0.894214079092567 FALSE 3.125 3.625 3.77083333333333 3.89583333333333 3.125
"275" 29.87 1 0.561949072477274 FALSE 2.60416666666667 3.47916666666667 3.188125 3.35416666666667 3.60416666666667
"276" 25.44 1 0.974255679822625 TRUE 2.22916666666667 4.125 4.45833333333333 4.14583333333333 3.8125
"277" 38.68 1 0.507074767189185 TRUE 3.14583333333333 2.9375 3.79166666666667 2.95833333333333 2.72916666666667
"278" 32.43 1 1.22189034885843 TRUE 2.85416666666667 3.64583333333333 3.33333333333333 3.10416666666667 3.5
"279" 45.05 0 0.103560191784473 TRUE 3.5625 2.77083333333333 3.54166666666667 2.9375 2.625
"280" 35.13 0 1.02794620011905 TRUE 2.79166666666667 3.64583333333333 4.1875 3.08333333333333 3.22916666666667
"281" 34.13 0 0.765840006974563 TRUE 2.95833333333333 3.70833333333333 4.25 2.97916666666667 3.39583333333333
"282" 33.48 0 0.2672335476441 FALSE 2.625 3.04166666666667 3.72916666666667 3.41666666666667 3.08333333333333
"283" 40.2 1 0.294762428303556 TRUE 2.85416666666667 3.29166666666667 3.89583333333333 2.54166666666667 2.54166666666667
"284" 33.67 0 0.341551011580637 TRUE 3.02083333333333 3.60416666666667 3.20833333333333 2.77083333333333 3.35416666666667
"285" 30.63 1 0.625259774339648 TRUE 2.58333333333333 3.6875 3.45833333333333 3.47916666666667 3.25
"286" 34.64 1 0.70143189499265 FALSE 3.14583333333333 3.83333333333333 3.58333333333333 2.70833333333333 3.375
"287" 26.72 0 0.79974966165817 TRUE 2.5625 3.39583333333333 3.0625 3.9375 3.70833333333333
"288" 28.8 1 0.68276717792998 FALSE 2.625 3.3125 3.59458333333333 3.35416666666667 3.5
"289" 30.89 0 1.20930537985538 TRUE 2.625 3.8125 3.52083333333333 3.1875 3.27083333333333
"290" 34.23 0 0.53273388294934 TRUE 2.83333333333333 3.54166666666667 3.27083333333333 3.375 3.1875
"291" 36.11 1 0.208494317301508 TRUE 2.8125 3.375 3.25 3.875 3.04166666666667
"292" 30.42 1 0.521781354170597 TRUE 2.625 3.45833333333333 2.89583333333333 3.45833333333333 3.375
"293" 38.14 0 0.466287903288631 TRUE 3.29166666666667 3.35416666666667 3.8125 3.04166666666667 3.0625
"294" 40.63 0 1.23247046727732 TRUE 3.52083333333333 2.41666666666667 3.0625 3.5625 3
"295" 40.26 1 0.203046913248331 TRUE 2.58333333333333 3.97916666666667 3.66666666666667 3.1875 2.25
"296" 26.51 0 0.682206982247113 FALSE 2.29166666666667 3.79166666666667 3.97916666666667 3.25 3.77083333333333
"297" 25.75 1 0.839221527663896 TRUE 2.08333333333333 3.66666666666667 3.58333333333333 3.45833333333333 3.39583333333333
"298" 32.2 1 1.13773706928412 TRUE 2.41666666666667 3.54166666666667 3.54166666666667 3.54166666666667 2.75
"299" 32.75 0 0.420107788102643 TRUE 2.85416666666667 3.5625 4.04166666666667 3.75 3.22916666666667
"300" 36.78 1 0.0313505772333463 TRUE 3.47916666666667 3.375 4.20833333333333 3.70833333333333 3.5
"301" 32.72 1 0.30748957454749 TRUE 3.35416666666667 3.91666666666667 3.47916666666667 3.16666666666667 3.9375
"302" 37.07 1 0.872740755213744 TRUE 3.35416666666667 3.70833333333333 3.39583333333333 3.5625 3.08333333333333
"303" 26.64 1 1.1317208101535 TRUE 2.3125 3.79166666666667 3.3125 3.66666666666667 3.60416666666667
"304" 40.63 1 0.146119307317768 TRUE 3.22916666666667 2.91666666666667 3.41666666666667 2.9375 2.77083333333333
"305" 38.87 1 0.0211045427489556 TRUE 2.9375 4.22916666666667 3.77 3.6875 2.625
"306" 32.04 1 0.728999378014986 TRUE 3.08625 3.33333333333333 3.20833333333333 3.35604166666667 3.60416666666667
"307" 31 1 0.575069241235923 TRUE 2.47916666666667 4.20833333333333 3.9375 3.95833333333333 3.45833333333333
"308" 31.8 1 0.357699589663154 FALSE 2.39583333333333 3.6875 3.5 3.47916666666667 2.85416666666667
"309" 34.33 1 0.697222868618619 TRUE 3.1875 3.22916666666667 3.47916666666667 4.0625 3.35416666666667
"310" 34.12 1 0.704840620463703 TRUE 2.47916666666667 3.77083333333333 3.25 3.83333333333333 2.64583333333333
"311" 30.66 1 0.399315132366445 TRUE 2.33333333333333 4.1875 3.91666666666667 4.125 3.125
"312" 34.02 1 1.14758511666438 TRUE 2.9375 3.60416666666667 4.125 3.70833333333333 3.54166666666667
"313" 38.24 1 0.161791349480687 TRUE 2.99875 4.125 4.45833333333333 3.10416666666667 2.80770833333333
"314" 33.82 1 0.394296826074602 TRUE 2.35416666666667 3.5625 3.29979166666667 3.79166666666667 2.75
"315" 26.19 0 1.3513353958634 FALSE 2.5 3.52083333333333 3.1875 3.5 3.83333333333333
"316" 31.41 1 0.374630552545668 TRUE 2.47916666666667 3.9375 3.981875 3.5625 3.41666666666667
"317" 41.77 1 0.328411479681625 TRUE 3.54166666666667 3.375 3.66666666666667 3.25 3.08333333333333
"318" 27.23 1 0.561376360033316 TRUE 2.20833333333333 4.16666666666667 3.54166666666667 3.64875 3.35416666666667
"319" 38.88 1 0.634358990722557 TRUE 2.6875 3.66666666666667 3.37291666666667 3.16666666666667 2.4375
"320" 32.55 1 0.339265974545132 TRUE 2.79166666666667 3.6875 3.5 3.375 3.1875
"321" 36.07 0 0.83010042158329 TRUE 3.27083333333333 3.60416666666667 3.10416666666667 3.27083333333333 3.29166666666667
"322" 33.77 1 0.785812698549909 TRUE 2.70833333333333 3.60416666666667 3.16666666666667 3.54166666666667 3.02083333333333
"323" 38.26 1 0.631894395940931 FALSE 3.10416666666667 2.75 3.5625 3.04166666666667 2.6875
"324" 45.47 1 0.0203361279316563 TRUE 3.85708333333333 3.58333333333333 3.95833333333333 3.29354166666667 2.74125
"325" 37.49 0 0.721447060939194 TRUE 2.91666666666667 3.5625 3.625 3.4375 3
"326" 17.03 1 1.05606263790337 FALSE 1.72916666666667 4.0625 3.85416666666667 3.4375 4.29166666666667
"327" 25.01 1 1.05523579331359 TRUE 2.125 3.66666666666667 3.4375 3.5 3.5
"328" 31.74 1 0.715300304280436 TRUE 2.54166666666667 4.1875 3.72916666666667 2.5625 2.95833333333333
"329" 33.36 1 0.403590971194406 TRUE 2.79166666666667 3.52083333333333 3.45833333333333 3.625 3.22916666666667
"330" 42.42 0 0.79536179653139 TRUE 3.6875 3.375 3.54166666666667 3.16666666666667 2.89583333333333
"331" 43.11 0 0.256643021097617 TRUE 2.9375 3.54166666666667 3.72916666666667 3.08333333333333 2.125
"332" 25.8 1 0.762874493404899 FALSE 2.29166666666667 3.6875 3.47916666666667 3.5 3.85416666666667
"333" 27.13 1 1.0441453327648 FALSE 2.89583333333333 2.52083333333333 3.49375 4.0625 4.22916666666667
"334" 32.57 1 0.2581637997442 TRUE 2.52083333333333 3.625 3.6875 4 2.8125
"335" 31.47 0 1.12982396901728 TRUE 2.79166666666667 3.16666666666667 3.0625 3.02083333333333 3.0625
"336" 24.11 0 1.22691332081317 FALSE 2.45833333333333 3.20833333333333 3.20833333333333 3.97916666666667 3.72916666666667
"337" 37.29 0 0.639085534649601 TRUE 3.35416666666667 3.27083333333333 3.60416666666667 3.33333333333333 3.16666666666667
"338" 30.83 0 0.446930053969287 TRUE 2.58333333333333 3.77083333333333 3.89583333333333 3.3125 3.29166666666667
"339" 21.34 1 1.36448632538935 FALSE 1.75 4.22916666666667 3.64583333333333 3.89583333333333 3.70833333333333
"340" 27.13 0 1.05450366729296 FALSE 2.52083333333333 3.6875 3.89583333333333 3.41666666666667 3.72916666666667
"341" 32.69 1 1.01032824587386 TRUE 2.91666666666667 3.35416666666667 3.52083333333333 3.60416666666667 3.625
"342" 26.13 0 0.701918506151642 FALSE 2.3125 3.60416666666667 4.29166666666667 3.85416666666667 3.72916666666667
"343" 41.07 1 0.812418558453043 FALSE 3.75 3.29166666666667 3.89583333333333 4 3.10416666666667
"344" 37.32 1 0.854833049298536 TRUE 2.66666666666667 3.70833333333333 2.95833333333333 3.60416666666667 2.39583333333333
"345" 27.73 1 0.341217274954137 FALSE 2.02083333333333 3.875 3.875 3.25 3.25
"346" 39.83 1 1.62586697706468 TRUE 3 3.3125 4.0625 4.125 2.47916666666667
"347" 34.15 1 0.622117146456163 TRUE 2.8125 3.66020833333333 3.5625 4.16666666666667 3.14583333333333
"348" 30.43 1 1.3074446770033 TRUE 2.77083333333333 4.0625 3.85416666666667 3.72916666666667 3.70833333333333
"349" 24.76 1 0.801692622678222 FALSE 2.20833333333333 4.08333333333333 3.85416666666667 4.20645833333333 3.70833333333333
"350" 35.39 0 0.7191034352219 TRUE 2.85708333333333 3.72916666666667 3.75 3.29354166666667 3.14583333333333
"351" 35.03 1 0.860395658581184 TRUE 3.60416666666667 3.5 3.45833333333333 3.47916666666667 3.58333333333333
"352" 34.23 0 0.872502370021835 TRUE 2.87791666666667 2.97916666666667 3.25 2.98104166666667 3.25
"353" 36.86 1 1.20497300866005 TRUE 3.10416666666667 3.25 3.91666666666667 2.8125 3.0625
"354" 33.82 0 0.675179380938022 TRUE 2.60416666666667 4.22916666666667 4.29166666666667 3.45833333333333 3.25
"355" 35.98 1 1.13405665663319 TRUE 2.95833333333333 3.75 3.22916666666667 3.33333333333333 2.97916666666667
"356" 30.54 0 0.881452038704863 FALSE 3.02083333333333 3.5 3.10416666666667 3.89583333333333 3.83333333333333
"357" 34.1 0 0.61655284659554 TRUE 3.29166666666667 3.35416666666667 3.33333333333333 4.08333333333333 3.85416666666667
"358" 32.83 1 0.603283892564656 TRUE 2.64583333333333 4.1875 3.70833333333333 4.02083333333333 2.97916666666667
"359" 31.12 1 1.50757068824811 TRUE 2.375 3.77083333333333 3.79166666666667 3.39583333333333 3.0625
"360" 30.72 1 1.37897505534278 TRUE 3.0625 3.52083333333333 2.875 3 3.75
"361" 40.8 0 0.439083714051157 TRUE 3.16666666666667 3.0625 3.92229166666667 3.27083333333333 2.66666666666667
"362" 28.23 1 0.689501828892687 TRUE 2.5 3.54166666666667 4.08333333333333 3.83333333333333 3.33333333333333
"363" 29.43 1 0.378950999218797 TRUE 2.5625 3.52083333333333 3.66666666666667 3.5 3.5
"364" 33.17 0 0.405467025428279 TRUE 2.72916666666667 4.02083333333333 4.10416666666667 3.83333333333333 3.27083333333333
"365" 38.55 1 1.93259615446161 TRUE 3.1875 3.66666666666667 3.58333333333333 2.85416666666667 2.97916666666667
"366" 30.12 0 0.332755170886873 FALSE 2.47916666666667 3.60416666666667 3.41666666666667 3.54166666666667 3.33333333333333
"367" 36.37 1 0.220732198709231 TRUE 2.80041666666667 3.625 3.27083333333333 3.35416666666667 2.72916666666667
"368" 40.83 1 0.54589629720284 TRUE 3.0625 3.72916666666667 3.89583333333333 3.04166666666667 2.54166666666667
"369" 31.26 1 0.676567669222425 TRUE 2.60416666666667 3.25 2.91666666666667 3.41666666666667 3.27083333333333
"370" 27.25 1 0.702039946142703 TRUE 2.0625 3.64583333333333 3.625 3.4375 3.1875
"371" 32.18 1 0.352912335902405 TRUE 2.75 3.54166666666667 3.54166666666667 3.04166666666667 3.20833333333333
"372" 30.13 0 0.91187832136404 TRUE 2.58625 3.6875 3.35416666666667 3.626875 3.25
"373" 40.27 1 0.51157093238056 TRUE 3.5 3.47916666666667 3.83333333333333 3.54166666666667 2.89583333333333
"374" 28.74 1 1.36823046329225 TRUE 2.4375 3.83333333333333 3.70833333333333 3.75 3.4375
"375" 44.16 1 0.410880600978134 TRUE 3.33333333333333 3.85416666666667 3.72916666666667 3.4375 2.27083333333333
"376" 37.06 1 1.34265956451801 TRUE 3.54166666666667 3.16666666666667 3.4375 3.375 3.45833333333333
"377" 37.59 1 0.860130204305804 FALSE 2.9375 3.60416666666667 3.83333333333333 3.625 3.1875
"378" 33.53 1 0.187459591219043 TRUE 2.6875 3.45833333333333 3.79166666666667 3.4375 2.97916666666667
"379" 31.09 1 0.249789874219858 TRUE 2.60416666666667 3.41666666666667 4.04166666666667 3.35416666666667 3.22916666666667
"380" 35.85 0 0.286068350873511 TRUE 2.875 4.08333333333333 3.3125 3 2.60416666666667
"381" 31.06 0 0.810209970697627 TRUE 2.20833333333333 3.70833333333333 3.8125 3.5 3.02083333333333
"382" 37.51 1 0.572041665305834 TRUE 3.0625 3.22916666666667 3.41666666666667 3.39583333333333 2.79166666666667
"383" 31.53 1 0.652054089911843 FALSE 2.54166666666667 3.64604166666667 3.625 3.5 3.22916666666667
"384" 36.76 0 0.426104571429327 TRUE 3.02083333333333 3.33333333333333 4.02083333333333 3.20833333333333 2.85416666666667
"385" 31.05 0 0.411713308154334 FALSE 2.54166666666667 3.54166666666667 3.83333333333333 3.6875 3.54166666666667
"386" 42.3 0 0.0955660469046534 TRUE 4.08333333333333 3.4375 4.08333333333333 2.52083333333333 3.375
"387" 32.59 1 0.552276857335945 TRUE 2.875 3.58333333333333 3.91666666666667 3.875 3.41666666666667
"388" 29.19 1 0.574219911445789 TRUE 2.41666666666667 3.4375 3.77083333333333 3.5 3.5625
"389" 38.38 0 0.450065277763619 TRUE 3.22916666666667 3.098125 3.52083333333333 3.4375 2.77083333333333
"390" 42.55 1 0.54722217144699 FALSE 3.60416666666667 3.125 3.39583333333333 3.25 2.6875
"391" 30.55 0 0.308927423562124 TRUE 2.4375 3.375 3.375 3.1875 2.9375
"392" 28.1 1 0.109700278881386 TRUE 2.16666666666667 4.27083333333333 3.16666666666667 3.625 3.1875
"393" 34.26 0 0.6003660006072 TRUE 2.8125 3.45833333333333 3.41666666666667 3.22916666666667 3.14875
"394" 31.37 1 0.396065000522121 TRUE 2.64583333333333 4.16666666666667 4.02083333333333 3.95833333333333 3.25
"395" 27.84 0 0.260657746376495 TRUE 2.5625 3.83333333333333 3.41666666666667 3.39583333333333 3.58333333333333
"396" 33.24 1 0.206830077630062 TRUE 2.85416666666667 3.875 3.79166666666667 3.8125 3.3125
"397" 45.43 0 0.575687809126219 TRUE 3.6875 3.5 3.875 3.41666666666667 2.89583333333333
"398" 29.52 1 0.603774854724877 TRUE 2.58333333333333 3.02083333333333 3.5 3.41666666666667 3.58333333333333
"399" 27.17 0 1.34907664143705 TRUE 2.16666666666667 3.1875 3.29166666666667 3.375 3.35416666666667
"400" 28.81 1 0.795255428398506 FALSE 2.3125 3.54166666666667 3.58333333333333 3.14583333333333 3.45833333333333
"401" 39.48 0 0.705226112120392 FALSE 3.20833333333333 2.919375 2.79104166666667 2.9375 2.875
"402" 32.29 0 1.10090931025224 TRUE 2.95833333333333 3.20833333333333 3.4375 3.72916666666667 3.54166666666667
"403" 41.73 1 0.708668907833797 TRUE 3.77083333333333 3.31520833333333 3.66666666666667 3.54166666666667 3.14583333333333
"404" 27.55 1 1.29783086236331 FALSE 2.77083333333333 3.33333333333333 3.27083333333333 3.5625 3.60416666666667
"405" 25.14 1 0.147418483740236 TRUE 1.83333333333333 3.89583333333333 3.5625 3.25 3.29166666666667
"406" 33.83 0 0.260989625315991 TRUE 3.10416666666667 2.9375 3.89583333333333 3.97916666666667 3.52520833333333
"407" 32.11 0 0.387974873696242 FALSE 2.83333333333333 3.39583333333333 2.95833333333333 2.97916666666667 3.45833333333333
"408" 23.52 1 0.385424743905635 FALSE 2.16666666666667 3.45833333333333 3.5625 3.875 4
"409" 31.84 0 1.64328161889068 FALSE 2.5625 3.47916666666667 3.16666666666667 3.45833333333333 3.1875
"410" 36 1 0.963099183026057 TRUE 2.97916666666667 2.85416666666667 3.0625 3.47916666666667 2.875
"411" 39.29 0 0.383319509776228 TRUE 3.27083333333333 3.14583333333333 3.35416666666667 3.83333333333333 2.83333333333333
"412" 40.56 1 0.527800376130057 TRUE 3.52083333333333 3.04166666666667 3.35416666666667 3.35416666666667 2.75
"413" 38.6 0 0.68519915453725 TRUE 2.75 3.83333333333333 3.8125 2.97916666666667 2.58333333333333
"414" 34.44 1 0.943922696108122 TRUE 2.9375 3.598125 3.5625 3.504375 3.41666666666667
"415" 27.36 0 1.10602783874471 FALSE 2.33333333333333 2.77083333333333 3.4375 2.3125 3.5625
"416" 30.81 1 0.566671351601362 FALSE 2.83333333333333 3.3125 3.5 3.625 3.5625
"417" 31.7 0 0.265515941190427 TRUE 2.52083333333333 3.5 2.89583333333333 3.66666666666667 3.0625
"418" 31.17 1 1.05666369546061 TRUE 2.1875 3.77083333333333 3.95833333333333 3.41666666666667 3.02083333333333
"419" 36.64 1 0.922675158516607 TRUE 2.9375 3.1875 3.60416666666667 3.58333333333333 3
"420" 34.67 0 0.656764017006059 TRUE 2.58333333333333 3.35416666666667 3.6875 3.39583333333333 2.91666666666667
"421" 32.57 1 0.654785338679343 TRUE 2.83333333333333 3.33333333333333 3.60416666666667 3.33333333333333 3.41666666666667
"422" 32.68 0 0.764111384281789 FALSE 2.5 3.04166666666667 3.8125 3.29166666666667 3.22916666666667
"423" 30.13 0 0.503758977843461 FALSE 2.55875 3.29166666666667 3.64583333333333 3.47916666666667 3.47916666666667
"424" 36.17 1 0.303470688916972 TRUE 3.0625 3.41666666666667 3.77083333333333 3.8125 3.125
"425" 32.94 1 0.256341299011212 TRUE 3.0625 3.625 3.64583333333333 3.22916666666667 3.41666666666667
"426" 28.06 0 1.94005485424589 TRUE 2.5 3.6875 3.35416666666667 3.6875 3.8125
"427" 15.02 1 1.02306525252722 TRUE 1.64583333333333 3.95833333333333 3.89583333333333 4.02083333333333 4.41666666666667
"428" 33.49 1 1.11398791181735 TRUE 3 3.41666666666667 3.39583333333333 3.375 3.15958333333333
"429" 30.47 0 0.740499482269459 TRUE 2.64583333333333 3.22916666666667 3.47916666666667 3.375 3.5
"430" 33.05 0 0.720092301369113 TRUE 2.60416666666667 3.1875 3.95833333333333 3.39583333333333 3.22916666666667
"431" 32.62 0 1.14990467325691 TRUE 2.91666666666667 3.64583333333333 3.375 3.375 3.54166666666667
"432" 39.49 1 0.103901198636142 TRUE 3.52083333333333 3.91666666666667 3.91666666666667 3.44708333333333 3.02083333333333
"433" 31.58 1 0.940224158017737 TRUE 2.47916666666667 3.8125 4 3.72916666666667 3.27083333333333
"434" 21.3 1 0.496649386364461 TRUE 2.04166666666667 3.39583333333333 3.16666666666667 2.85416666666667 3.9375
"435" 36.92 1 1.34187529729004 TRUE 3.27083333333333 3.1875 3.16666666666667 3.85416666666667 2.83333333333333
"436" 25.74 0 1.44382760938604 FALSE 2.08333333333333 3.54166666666667 3.3125 2.83333333333333 3.47916666666667
"437" 36.71 1 0.0987489867709524 TRUE 2.47916666666667 3.375 4.08333333333333 3.625 2.47916666666667
"438" 31.43 0 0.467212518657784 TRUE 2.4375 4 4.1875 3.1875 3.375
"439" 32.43 0 0.689055544779765 TRUE 2.85416666666667 2.83333333333333 2.89583333333333 3.5625 3.29166666666667
"440" 28.04 1 1.09271592169145 TRUE 2.45833333333333 3.52083333333333 3.66666666666667 3.47916666666667 3.5625
"441" 30.94 1 0.591033560246409 TRUE 2.77083333333333 3.75 3.33333333333333 3.02083333333333 3.5
"442" 32.41 1 0.412254639459017 TRUE 2.77083333333333 3.47916666666667 3.5625 3.47916666666667 3.33333333333333
"443" 27.95 1 0.950829845403517 TRUE 2.39583333333333 3.5625 3.45833333333333 3.70833333333333 3.33333333333333
"444" 32.88 1 0.682763028635657 TRUE 2.48208333333333 3.5 3.85208333333333 3.251875 2.75
"445" 41.8 1 0.275803771725187 TRUE 3.39583333333333 3 3.41666666666667 3.41666666666667 2.45833333333333
"446" 38.97 0 0.195412237868423 TRUE 3.5 3.47916666666667 3.52083333333333 3.08333333333333 3.35416666666667
"447" 33.48 0 1.12857734666775 TRUE 2.8125 3.625 3.4375 3.27083333333333 3.35416666666667
"448" 36.17 0 1.03294104245132 FALSE 2.625 3.52083333333333 3.60416666666667 3.54166666666667 2.83666666666667
"449" 39.68 1 0.165311246572851 TRUE 3.5 3.1875 3.875 4.125625 3.02083333333333
"450" 38.02 1 0.469729974895081 TRUE 3.33333333333333 3.58333333333333 3.52083333333333 3.55458333333333 3.14583333333333
"451" 34.26 1 0.229038211572781 TRUE 2.83333333333333 3.3125 3.39583333333333 3.47916666666667 3.27083333333333
"452" 47.82 1 0.13652029366346 TRUE 3.83333333333333 3.70833333333333 3.58333333333333 3.00708333333333 2.3125
"453" 31.19 1 0.673858368178683 TRUE 2.70833333333333 3.45833333333333 3.6875 3 3.27083333333333
"454" 33.99 0 0.404109146251547 FALSE 2.66666666666667 3.5 3.5625 3.3125 3.125
"455" 25.13 0 1.05768447688953 TRUE 2.47916666666667 3.64583333333333 3.60416666666667 3.64583333333333 3.70833333333333
"456" 35.49 1 1.61856846954647 TRUE 2.97916666666667 3.54166666666667 3.875 3.27083333333333 3.29166666666667
"457" 36.25 1 0.65033680971898 TRUE 3.25 3.85416666666667 3.83333333333333 3.5625 3.50041666666667
"458" 44.42 1 0.785651448709342 TRUE 3.8125 3.41666666666667 3.25 2.8125 2.79166666666667
"459" 33.73 1 0.716399762271718 TRUE 2.70833333333333 3.41666666666667 3.14583333333333 1.9375 2.97916666666667
"460" 24.14 1 0.712397156251009 TRUE 2.20833333333333 3.6875 3.70833333333333 3.60416666666667 3.67979166666667
"461" 23.34 1 1.03575923806523 TRUE 2.33333333333333 3.08333333333333 4 3.58770833333333 4.08333333333333
"462" 33.88 1 0.601616743636965 TRUE 2.54166666666667 3.5625 3.14583333333333 3.45833333333333 2.89583333333333
"463" 36.01 1 1.37999879993343 TRUE 3.33333333333333 2.8125 2.875 3.04166666666667 3.35416666666667
"464" 33.29 1 0.77702984876261 TRUE 3.1875 3.10416666666667 3.01875 3.69854166666667 3.46833333333333
"465" 30.98 1 0.883209138914812 TRUE 2.66666666666667 3.625 3.6875 3.52083333333333 3.45833333333333
"466" 37.67 0 1.00507752834428 FALSE 3.14583333333333 3.45833333333333 3.29166666666667 3.41666666666667 3.0625
"467" 31.34 1 0.833874762990233 TRUE 2.54166666666667 3.10416666666667 3.83333333333333 3.83333333333333 3.3125
"468" 43.38 1 0.26448239784838 TRUE 3.47916666666667 2.6875 3.33333333333333 2.875 2.64583333333333
"469" 29.51 1 0.46793715117071 TRUE 2.375 4.125 3.66666666666667 3.9375 3.22958333333333
"470" 32.8 0 0.670355433511694 TRUE 2.8125 3.02083333333333 4.02083333333333 3.875 3.20833333333333
"471" 33.31 1 0.505985793853953 TRUE 2.9375 3.60416666666667 3.9375 3.27083333333333 3.35416666666667
"472" 33.34 1 1.1538882934642 TRUE 2.75 3.66666666666667 3.54166666666667 3.16666666666667 3.16666666666667
"473" 50.24 1 0.0297435327882875 TRUE 4.375 3.54166666666667 3.79166666666667 2.97916666666667 2.58333333333333
"474" 39.38 1 0.211295102218536 TRUE 2.9375 3.8125 4.0625 3.29166666666667 2.75
"475" 37.74 0 0.265553310572318 TRUE 3 3.77083333333333 3.77083333333333 3.5625 2.77083333333333
"476" 38.7 0 0.0668983671674582 TRUE 3.625 3.25 3.14583333333333 3.16666666666667 3.25
"477" 28.81 1 0.295916593899239 TRUE 2.33333333333333 3.375 4.20833333333333 4.41666666666667 3.22916666666667
"478" 38.25 0 0.498688392720174 TRUE 2.95833333333333 3.64583333333333 3.58333333333333 3.0625 2.97916666666667
"479" 38.11 0 0.642581499520294 TRUE 3.3125 3.29166666666667 3.77083333333333 3.97916666666667 3.14583333333333
"480" 29.79 0 0.58497106537835 TRUE 2.70833333333333 3.14583333333333 3.625 3.58333333333333 3.77083333333333
"481" 29.67 0 0.53551501731983 TRUE 2.8125 3.60416666666667 3.66666666666667 3.89583333333333 3.625
"482" 40.19 1 0.0776709519910092 TRUE 3.3125 3.4375 3.3125 3.35416666666667 2.89583333333333
"483" 40.67 1 0.433062782582421 TRUE 3.27083333333333 2.875 3.45833333333333 3.35416666666667 2.79166666666667
"484" 34.19 1 0.460586041792114 TRUE 2.58333333333333 3.35416666666667 3.91666666666667 3.75 3
"485" 30.34 0 0.646636794778311 TRUE 2.45833333333333 3.8125 3.72916666666667 3.16666666666667 3.41666666666667
"486" 29.24 1 1.06275037021913 TRUE 2.89583333333333 3.125 3.875 3.6875 3.79166666666667
"487" 36.39 1 1.39484991998633 TRUE 2.91666666666667 3.375 3.77083333333333 3.5625 2.9375
"488" 35.42 1 0.876862320425281 TRUE 2.79166666666667 3.79166666666667 3.375 3.95833333333333 2.72916666666667
"489" 33.1 1 1.39581310235612 TRUE 2.97916666666667 3.3125 3.35416666666667 3.64583333333333 3.47916666666667
"490" 41.85 0 0.072119344583294 TRUE 3.14583333333333 3.5625 3.8125 3.4375 2.54166666666667
"491" 32.01 1 0.731659764370203 TRUE 2.60416666666667 3.75 3.33333333333333 3.64583333333333 3.02083333333333
"492" 42.03 1 0.20043121533591 TRUE 3.6875 2.74416666666667 4.10416666666667 2.79166666666667 2.91666666666667
"493" 32.99 0 0.629773137741447 TRUE 2.6875 3.35416666666667 3.04166666666667 3.375 3.1875
"494" 36.88 1 0.404189277986084 TRUE 2.52083333333333 3.47916666666667 3.54166666666667 3.4375 2.625
"495" 38.44 1 0.344859080117957 TRUE 3.5625 3.5625 3.3125 4 3.33645833333333
"496" 33.92 1 0.215710870146838 TRUE 2.70833333333333 3.54166666666667 3.6875 3.77083333333333 3.22916666666667
"497" 31.81 1 0.960767546582209 TRUE 2.70833333333333 3.8125 3.45916666666667 3.0625 3.25
"498" 35.14 1 0.786647423130864 FALSE 2.77375 3.54166666666667 3.1875 3.33520833333333 2.875
"499" 35 1 0.761148530300067 TRUE 2.76 3.60416666666667 3.97916666666667 3.66666666666667 2.97916666666667
"500" 31.06 1 1.15228965551624 FALSE 2.60416666666667 2.97916666666667 3.64583333333333 3.10416666666667 3.58333333333333
