"EmpID" "Month" "TotSales"
"1" 100 1 15687.46
"2" 100 2 21496.56
"3" 100 3 12015.78
"4" 100 4 18537.36
"5" 100 5 13440.72
"6" 100 6 12748.57
"7" 100 7 16931.61
"8" 100 8 21864.75
"9" 100 9 20147.32
"10" 100 10 12928.39
"11" 100 11 19046.06
"12" 100 12 19194.89
"13" 101 1 11559.9
"14" 101 2 6769.97
"15" 101 3 11177.44
"16" 101 4 11463.3
"17" 101 5 15683.2
"18" 101 6 21686.8
"19" 101 7 16329.49
"20" 101 8 19622.06
"21" 101 9 17521.22
"22" 101 10 16511.88
"23" 101 11 13251.96
"24" 101 12 23343.13
"25" 102 1 7783.04
"26" 102 2 13574.13
"27" 102 3 12676.36
"28" 102 4 NA
"29" 102 5 13633.35
"30" 102 6 17735.02
"31" 102 7 19978.48
"32" 102 8 21347.33
"33" 102 9 22929.23
"34" 102 10 21015.57
"35" 102 11 28615.6
"36" 102 12 28312.28
"37" 103 1 13323.09
"38" 103 2 13135.85
"39" 103 3 8409.75
"40" 103 4 20490.99
"41" 103 5 18290.95
"42" 103 6 21769.26
"43" 103 7 21396.09
"44" 103 8 12537.55
"45" 103 9 16351.73
"46" 103 10 21612.83
"47" 103 11 19655.85
"48" 103 12 20791.7
"49" 104 1 20399.71
"50" 104 2 10228.43
"51" 104 3 21041.34
"52" 104 4 16559.92
"53" 104 5 21048.18
"54" 104 6 26882.32
"55" 104 7 22486.09
"56" 104 8 21344.22
"57" 104 9 26952.95
"58" 104 10 16717.6
"59" 104 11 32545.22
"60" 104 12 19558.7
"61" 105 1 11035.39
"62" 105 2 18514.55
"63" 105 3 16398.11
"64" 105 4 24108.91
"65" 105 5 18879.58
"66" 105 6 17728.69
"67" 105 7 19368.85
"68" 105 8 26062.06
"69" 105 9 23571.38
"70" 105 10 27405.2
"71" 105 11 30821.07
"72" 105 12 30576.98
"73" 200 1 11712.93
"74" 200 2 9199.32
"75" 200 3 17397.91
"76" 200 4 16796.34
"77" 200 5 19151.07
"78" 200 6 10730.99
"79" 200 7 17468.02
"80" 200 8 17751.82
"81" 200 9 16394.37
"82" 200 10 19844.91
"83" 200 11 21254.77
"84" 200 12 20598.44
"85" 201 1 13180.75
"86" 201 2 NA
"87" 201 3 17875.36
"88" 201 4 19287.94
"89" 201 5 16715.17
"90" 201 6 14444.41
"91" 201 7 22475.76
"92" 201 8 17481.54
"93" 201 9 25613.04
"94" 201 10 21782.49
"95" 201 11 19605.22
"96" 201 12 22966.12
"97" 202 1 14821.01
"98" 202 2 8583.6
"99" 202 3 9142.01
"100" 202 4 16926.14
"101" 202 5 14395.17
"102" 202 6 19426.99
"103" 202 7 19345.26
"104" 202 8 9503.35
"105" 202 9 23209.43
"106" 202 10 24388.02
"107" 202 11 26842.8
"108" 202 12 24842.21
"109" 203 1 14386.68
"110" 203 2 21375.14
"111" 203 3 15608.86
"112" 203 4 19118.81
"113" 203 5 NA
"114" 203 6 26179.63
"115" 203 7 29189.22
"116" 203 8 21782.84
"117" 203 9 23132.7
"118" 203 10 21470.96
"119" 203 11 26389.32
"120" 203 12 18773.8
"121" 204 1 15456.05
"122" 204 2 18740.24
"123" 204 3 17371.26
"124" 204 4 13531.59
"125" 204 5 23478.79
"126" 204 6 23181.98
"127" 204 7 21932.89
"128" 204 8 22740.35
"129" 204 9 22478.94
"130" 204 10 33694.93
"131" 204 11 25011.63
"132" 204 12 24506.35
"133" 300 1 11902.11
"134" 300 2 8962.22
"135" 300 3 11044.36
"136" 300 4 16102.41
"137" 300 5 8764.11
"138" 300 6 19619.19
"139" 300 7 16735.35
"140" 300 8 14707.01
"141" 300 9 22216.46
"142" 300 10 22021.86
"143" 300 11 22343.06
"144" 300 12 23559.08
"145" 301 1 10460.13
"146" 301 2 13850.3
"147" 301 3 10366.11
"148" 301 4 19460.32
"149" 301 5 17615.36
"150" 301 6 12196.29
"151" 301 7 11141.79
"152" 301 8 20407.63
"153" 301 9 14096.85
"154" 301 10 25810.86
"155" 301 11 20498.06
"156" 301 12 30785.72
"157" 302 1 9128.96
"158" 302 2 19314.78
"159" 302 3 10410.53
"160" 302 4 22568.68
"161" 302 5 14714.7
"162" 302 6 18676.87
"163" 302 7 25148.66
"164" 302 8 19421.84
"165" 302 9 14016.68
"166" 302 10 16079.96
"167" 302 11 15589.37
"168" 302 12 23694.32
"169" 400 1 12162.31
"170" 400 2 16456.45
"171" 400 3 14963.88
"172" 400 4 14743.18
"173" 400 5 8724.43
"174" 400 6 20658.16
"175" 400 7 18494.23
"176" 400 8 18706.31
"177" 400 9 18407.76
"178" 400 10 15219.92
"179" 400 11 22914.86
"180" 400 12 24741.72
"181" 401 1 7948.6
"182" 401 2 15464.91
"183" 401 3 16948.03
"184" 401 4 19064.24
"185" 401 5 8345.43
"186" 401 6 NA
"187" 401 7 25648.72
"188" 401 8 18449.97
"189" 401 9 25395.58
"190" 401 10 22902.85
"191" 401 11 20480.33
"192" 401 12 21938.01
"193" 402 1 9845.04
"194" 402 2 13831.59
"195" 402 3 14209.9
"196" 402 4 18856.87
"197" 402 5 18219.97
"198" 402 6 20331.8
"199" 402 7 17556.17
"200" 402 8 19898.71
"201" 402 9 21899.09
"202" 402 10 33374.43
"203" 402 11 31358.66
"204" 402 12 22694.05
"205" 403 1 8538.38
"206" 403 2 14561.74
"207" 403 3 13409.27
"208" 403 4 15554.81
"209" 403 5 13406.03
"210" 403 6 16338.29
"211" 403 7 28545.35
"212" 403 8 29251.05
"213" 403 9 24809.43
"214" 403 10 18606.55
"215" 403 11 26289.97
"216" 403 12 25207.27
"217" 404 1 15738.45
"218" 404 2 11806.36
"219" 404 3 19856.18
"220" 404 4 18075.54
"221" 404 5 26761.92
"222" 404 6 28507.65
"223" 404 7 19940.92
"224" 404 8 24857.76
"225" 404 9 23479.13
"226" 404 10 27498.49
"227" 404 11 24849.83
"228" 404 12 28507.75
"229" 405 1 18092.3
"230" 405 2 22040.46
"231" 405 3 20708.44
"232" 405 4 20807.94
"233" 405 5 28035.05
"234" 405 6 14515.6
"235" 405 7 19400.42
"236" 405 8 23544.61
"237" 405 9 29614.16
"238" 405 10 32686.89
"239" 405 11 23511.07
"240" 405 12 21453.83
"241" 406 1 22197.86
"242" 406 2 23417.44
"243" 406 3 16544.78
"244" 406 4 24692.58
"245" 406 5 21537.02
"246" 406 6 19141.53
"247" 406 7 17219.38
"248" 406 8 28045.96
"249" 406 9 27670.46
"250" 406 10 25086.51
"251" 406 11 27898.97
"252" 406 12 28808.47
"253" 500 1 13713.25
"254" 500 2 14494.45
"255" 500 3 11150.64
"256" 500 4 9591.32
"257" 500 5 14359.48
"258" 500 6 19468.64
"259" 500 7 24695.29
"260" 500 8 19329.96
"261" 500 9 20671.56
"262" 500 10 39632.23
"263" 500 11 22424.34
"264" 500 12 18913.88
"265" 501 1 13472.5
"266" 501 2 9007.75
"267" 501 3 16660.41
"268" 501 4 16333.01
"269" 501 5 19577.14
"270" 501 6 14249.19
"271" 501 7 24808.51
"272" 501 8 25074.5
"273" 501 9 21065.65
"274" 501 10 26948.29
"275" 501 11 24383.79
"276" 501 12 24303.64
"277" 502 1 13731.29
"278" 502 2 17606.52
"279" 502 3 10143.61
"280" 502 4 16344.63
"281" 502 5 19171.63
"282" 502 6 14438.29
"283" 502 7 18788.37
"284" 502 8 26436.68
"285" 502 9 20338.16
"286" 502 10 23957.2
"287" 502 11 18879.41
"288" 502 12 28279.23
"289" 503 1 16447.15
"290" 503 2 14182.09
"291" 503 3 12924.81
"292" 503 4 21090.59
"293" 503 5 20383.38
"294" 503 6 29066.79
"295" 503 7 17836.5
"296" 503 8 15127.26
"297" 503 9 26846.46
"298" 503 10 24121.76
"299" 503 11 15066.8
"300" 503 12 29074.28
"301" 504 1 19090.39
"302" 504 2 21096.34
"303" 504 3 17796.69
"304" 504 4 19726.67
"305" 504 5 14490.16
"306" 504 6 28178.05
"307" 504 7 21403.81
"308" 504 8 26662.34
"309" 504 9 18653
"310" 504 10 20718.63
"311" 504 11 21736.4
"312" 504 12 26237.13
"313" 505 1 16232.16
"314" 505 2 23458.12
"315" 505 3 16092.49
"316" 505 4 15081.86
"317" 505 5 16852.48
"318" 505 6 25366.52
"319" 505 7 33893.05
"320" 505 8 26860.74
"321" 505 9 26596.11
"322" 505 10 26389.04
"323" 505 11 25652.45
"324" 505 12 31164.3
"325" 506 1 16714.65
"326" 506 2 9777.71
"327" 506 3 19702.64
"328" 506 4 16688.54
"329" 506 5 23464.06
"330" 506 6 30883.92
"331" 506 7 25579.16
"332" 506 8 23615.18
"333" 506 9 17774.43
"334" 506 10 29866.4
"335" 506 11 38334.98
"336" 506 12 28037.76
"337" 600 1 8247.94
"338" 600 2 11537.05
"339" 600 3 9160.89
"340" 600 4 12420.96
"341" 600 5 NA
"342" 600 6 11528.85
"343" 600 7 22304.9
"344" 600 8 11997.26
"345" 600 9 20249.21
"346" 600 10 14980.38
"347" 600 11 NA
"348" 600 12 23350.4
"349" 601 1 10714.97
"350" 601 2 9033.56
"351" 601 3 NA
"352" 601 4 13868.66
"353" 601 5 14162.22
"354" 601 6 15604.83
"355" 601 7 22127.06
"356" 601 8 9892.59
"357" 601 9 11896.69
"358" 601 10 26914.73
"359" 601 11 22366.39
"360" 601 12 34530.57
"361" 602 1 8537.08
"362" 602 2 8623.68
"363" 602 3 17871.7
"364" 602 4 21980.57
"365" 602 5 13012.4
"366" 602 6 13369.56
"367" 602 7 17126.96
"368" 602 8 12973.36
"369" 602 9 17272.85
"370" 602 10 18986.1
"371" 602 11 31932.64
"372" 602 12 16349.09
"373" 603 1 9940.13
"374" 603 2 15265.86
"375" 603 3 10200.1
"376" 603 4 18733.57
"377" 603 5 22719.64
"378" 603 6 13170.92
"379" 603 7 16517.42
"380" 603 8 13569.25
"381" 603 9 20409.85
"382" 603 10 19984.08
"383" 603 11 18990.35
"384" 603 12 17627.43
"385" 604 1 11050.88
"386" 604 2 12758.9
"387" 604 3 16106.11
"388" 604 4 20740.99
"389" 604 5 15874.98
"390" 604 6 9481.06
"391" 604 7 20685.96
"392" 604 8 20971.49
"393" 604 9 18751.27
"394" 604 10 14804.78
"395" 604 11 23591.32
"396" 604 12 21744
"397" 700 1 6947.4
"398" 700 2 6894.61
"399" 700 3 9396.48
"400" 700 4 7150.29
"401" 700 5 8810.32
"402" 700 6 13205.94
"403" 700 7 15714.47
"404" 700 8 21958.88
"405" 700 9 10234.52
"406" 700 10 18849.32
"407" 700 11 25046.75
"408" 700 12 16646.39
"409" 701 1 8409.95
"410" 701 2 11267.26
"411" 701 3 9706.49
"412" 701 4 14536.99
"413" 701 5 9223.27
"414" 701 6 17267.59
"415" 701 7 20134.28
"416" 701 8 18006.41
"417" 701 9 19865.21
"418" 701 10 14693.15
"419" 701 11 11556.48
"420" 701 12 13791.49
"421" 702 1 6891.36
"422" 702 2 6721.98
"423" 702 3 11870.29
"424" 702 4 8254.1
"425" 702 5 21841.02
"426" 702 6 11118.85
"427" 702 7 18221.92
"428" 702 8 17617.13
"429" 702 9 17714.81
"430" 702 10 25159.49
"431" 702 11 14376.67
"432" 702 12 17166.97
"433" 703 1 19371.55
"434" 703 2 10461.33
"435" 703 3 13024.25
"436" 703 4 10360.3
"437" 703 5 15101.34
"438" 703 6 19164.3
"439" 703 7 19523.41
"440" 703 8 13378.36
"441" 703 9 18786.78
"442" 703 10 22466.62
"443" 703 11 24759.67
"444" 703 12 16209.64
"445" 704 1 11554.67
"446" 704 2 14127.69
"447" 704 3 14294.99
"448" 704 4 16662.02
"449" 704 5 14490.27
"450" 704 6 19146.9
"451" 704 7 18615.04
"452" 704 8 17347.07
"453" 704 9 22152.9
"454" 704 10 24106.25
"455" 704 11 20062.6
"456" 704 12 21043.13
"457" 705 1 18347.15
"458" 705 2 17346.46
"459" 705 3 19804.22
"460" 705 4 16256.7
"461" 705 5 18347.91
"462" 705 6 11789.93
"463" 705 7 21398.75
"464" 705 8 21797.29
"465" 705 9 27346.23
"466" 705 10 21098.95
"467" 705 11 19595.47
"468" 705 12 25327.47
"469" 706 1 10432.45
"470" 706 2 16648.14
"471" 706 3 12219.36
"472" 706 4 15517.45
"473" 706 5 25528.76
"474" 706 6 NA
"475" 706 7 17692.4
"476" 706 8 17272.61
"477" 706 9 19090.67
"478" 706 10 17623.33
"479" 706 11 24283.38
"480" 706 12 22319.8
"481" 800 1 8948.7
"482" 800 2 13907.71
"483" 800 3 9737.8
"484" 800 4 16781.25
"485" 800 5 8998.13
"486" 800 6 16076.42
"487" 800 7 23155.31
"488" 800 8 16200.3
"489" 800 9 16047.37
"490" 800 10 20099.13
"491" 800 11 25466.1
"492" 800 12 24883.28
"493" 801 1 11700.54
"494" 801 2 21082.27
"495" 801 3 15860.18
"496" 801 4 26881.31
"497" 801 5 21668.41
"498" 801 6 16129.95
"499" 801 7 16280.41
"500" 801 8 24692.24
"501" 801 9 23435.83
"502" 801 10 NA
"503" 801 11 19031.27
"504" 801 12 26467.74
"505" 802 1 7589.91
"506" 802 2 11203.32
"507" 802 3 12249.3
"508" 802 4 15088.71
"509" 802 5 7192.77
"510" 802 6 17214.03
"511" 802 7 19216.5
"512" 802 8 23543.04
"513" 802 9 26140.47
"514" 802 10 24020.65
"515" 802 11 14293.51
"516" 802 12 27158.08
"517" 803 1 7834.94
"518" 803 2 5262.31
"519" 803 3 18457.4
"520" 803 4 12979.85
"521" 803 5 28086.31
"522" 803 6 27232.8
"523" 803 7 16951.02
"524" 803 8 24750.25
"525" 803 9 17468.89
"526" 803 10 19639.2
"527" 803 11 18939.75
"528" 803 12 21079.27
"529" 804 1 8018.96
"530" 804 2 11904.87
"531" 804 3 11909.62
"532" 804 4 17541.55
"533" 804 5 19897.99
"534" 804 6 22095.12
"535" 804 7 19943.09
"536" 804 8 25451.4
"537" 804 9 22953.36
"538" 804 10 21333.24
"539" 804 11 28744.36
"540" 804 12 31194.06
"541" 900 1 8408.83
"542" 900 2 11569.89
"543" 900 3 8857.48
"544" 900 4 6703.96
"545" 900 5 15895.71
"546" 900 6 19905.07
"547" 900 7 14030.01
"548" 900 8 7418.69
"549" 900 9 16947.19
"550" 900 10 15788.27
"551" 900 11 24660.49
"552" 900 12 24000.83
"553" 901 1 11944.44
"554" 901 2 7609
"555" 901 3 12783.15
"556" 901 4 15870.27
"557" 901 5 16694.15
"558" 901 6 13827.83
"559" 901 7 17806.1
"560" 901 8 30690.44
"561" 901 9 22359.68
"562" 901 10 16223.57
"563" 901 11 22331.18
"564" 901 12 24376.31
"565" 902 1 7238.4
"566" 902 2 11245.8
"567" 902 3 17627.18
"568" 902 4 22372.95
"569" 902 5 13317.61
"570" 902 6 17169.26
"571" 902 7 20000.94
"572" 902 8 17207.08
"573" 902 9 10846.92
"574" 902 10 21977.4
"575" 902 11 18806.8
"576" 902 12 16966.18
"577" 903 1 8524.94
"578" 903 2 15948.38
"579" 903 3 15259.04
"580" 903 4 13869.66
"581" 903 5 13722.47
"582" 903 6 10691.45
"583" 903 7 15713.86
"584" 903 8 12345.86
"585" 903 9 NA
"586" 903 10 22483.08
"587" 903 11 17989.51
"588" 903 12 21338.54
"589" 904 1 17551.7
"590" 904 2 9479.63
"591" 904 3 13126.43
"592" 904 4 7582.88
"593" 904 5 17489.53
"594" 904 6 18505.34
"595" 904 7 11705.77
"596" 904 8 16780.67
"597" 904 9 25004.35
"598" 904 10 19070.74
"599" 904 11 20280.29
"600" 904 12 17913.03
"601" 905 1 10888.36
"602" 905 2 18026.62
"603" 905 3 9751.47
"604" 905 4 18780.38
"605" 905 5 24413.76
"606" 905 6 11872.49
"607" 905 7 24848.92
"608" 905 8 22459.84
"609" 905 9 23784.96
"610" 905 10 25272.06
"611" 905 11 20944.44
"612" 905 12 35652.68
"613" 906 1 13189.01
"614" 906 2 19781.98
"615" 906 3 16591.7
"616" 906 4 28546.96
"617" 906 5 19413.12
"618" 906 6 17161.42
"619" 906 7 22891.81
"620" 906 8 16994.62
"621" 906 9 20108.57
"622" 906 10 22627.04
"623" 906 11 20490.24
"624" 906 12 27466.71
"625" 907 1 14501.96
"626" 907 2 22088.81
"627" 907 3 14918.04
"628" 907 4 18100
"629" 907 5 20861.25
"630" 907 6 15529.64
"631" 907 7 24085.09
"632" 907 8 17816.66
"633" 907 9 16208.65
"634" 907 10 25191.53
"635" 907 11 26012.06
"636" 907 12 23890.82
"637" 908 1 NA
"638" 908 2 17573.34
"639" 908 3 19209.93
"640" 908 4 19258.47
"641" 908 5 25121.55
"642" 908 6 20892.45
"643" 908 7 23665.94
"644" 908 8 22634.97
"645" 908 9 24878.33
"646" 908 10 24022.05
"647" 908 11 26595.12
"648" 908 12 32262.33
"649" 1000 1 12606.6
"650" 1000 2 9211.44
"651" 1000 3 14998.95
"652" 1000 4 13421.48
"653" 1000 5 14185.69
"654" 1000 6 10011.67
"655" 1000 7 25031.2
"656" 1000 8 11536.65
"657" 1000 9 18125.41
"658" 1000 10 14389.51
"659" 1000 11 19642.69
"660" 1000 12 16631.28
"661" 1001 1 11899.99
"662" 1001 2 8498.56
"663" 1001 3 15211.99
"664" 1001 4 5756.46
"665" 1001 5 21034.2
"666" 1001 6 16294.36
"667" 1001 7 16700.43
"668" 1001 8 20812.49
"669" 1001 9 22280.03
"670" 1001 10 20448.63
"671" 1001 11 25228.05
"672" 1001 12 25341.15
"673" 1002 1 15230.24
"674" 1002 2 11173.67
"675" 1002 3 8549.38
"676" 1002 4 10683.85
"677" 1002 5 22018.44
"678" 1002 6 21818.4
"679" 1002 7 13740.22
"680" 1002 8 24219.06
"681" 1002 9 15717.59
"682" 1002 10 23363.31
"683" 1002 11 14165.3
"684" 1002 12 25350.43
"685" 1003 1 7979.37
"686" 1003 2 13145.36
"687" 1003 3 12364.07
"688" 1003 4 12058.38
"689" 1003 5 17687.1
"690" 1003 6 22941.26
"691" 1003 7 16465.22
"692" 1003 8 24049.34
"693" 1003 9 22420.29
"694" 1003 10 24786.01
"695" 1003 11 32954.6
"696" 1003 12 21685.9
"697" 1004 1 16372.01
"698" 1004 2 15895.15
"699" 1004 3 9460.65
"700" 1004 4 16449.24
"701" 1004 5 18972.9
"702" 1004 6 19785.5
"703" 1004 7 20163.27
"704" 1004 8 16408.85
"705" 1004 9 25189.65
"706" 1004 10 25127.97
"707" 1004 11 19229.34
"708" 1004 12 23182.71
"709" 1005 1 13790.83
"710" 1005 2 15662.15
"711" 1005 3 16327.75
"712" 1005 4 8866.87
"713" 1005 5 12786.46
"714" 1005 6 26448.41
"715" 1005 7 19218.04
"716" 1005 8 23080.95
"717" 1005 9 19985.47
"718" 1005 10 12030.27
"719" 1005 11 29640.32
"720" 1005 12 25174.78
"721" 1006 1 18879.32
"722" 1006 2 12167.14
"723" 1006 3 19673.86
"724" 1006 4 19159.83
"725" 1006 5 16507.92
"726" 1006 6 13778.78
"727" 1006 7 17183.47
"728" 1006 8 15767.68
"729" 1006 9 15315.13
"730" 1006 10 20166.92
"731" 1006 11 26528.94
"732" 1006 12 19967.56
"733" 1007 1 15208.46
"734" 1007 2 19122.33
"735" 1007 3 15187.28
"736" 1007 4 23511.12
"737" 1007 5 24596.91
"738" 1007 6 21635.05
"739" 1007 7 14758.98
"740" 1007 8 19824.95
"741" 1007 9 20218.71
"742" 1007 10 27940.02
"743" 1007 11 29734.09
"744" 1007 12 27276.47
"745" 1100 1 13898.08
"746" 1100 2 14095.38
"747" 1100 3 21163.8
"748" 1100 4 8828.29
"749" 1100 5 27166.8
"750" 1100 6 17830.53
"751" 1100 7 19780.18
"752" 1100 8 17904.21
"753" 1100 9 23139.71
"754" 1100 10 29553.36
"755" 1100 11 NA
"756" 1100 12 25728.27
"757" 1101 1 18351.57
"758" 1101 2 16945.64
"759" 1101 3 12063.13
"760" 1101 4 15625.45
"761" 1101 5 13381.86
"762" 1101 6 21421.91
"763" 1101 7 14861.53
"764" 1101 8 21180.15
"765" 1101 9 35280.15
"766" 1101 10 22969.26
"767" 1101 11 20880.56
"768" 1101 12 33425.82
"769" 1102 1 17383.28
"770" 1102 2 20339.28
"771" 1102 3 5952.82
"772" 1102 4 8443.72
"773" 1102 5 16565.96
"774" 1102 6 18824.83
"775" 1102 7 21364.3
"776" 1102 8 18122.84
"777" 1102 9 24651.84
"778" 1102 10 18880.42
"779" 1102 11 24761.29
"780" 1102 12 29900.29
"781" 1103 1 9800.4
"782" 1103 2 17436.1
"783" 1103 3 16794.4
"784" 1103 4 10268.37
"785" 1103 5 23625.55
"786" 1103 6 19075.73
"787" 1103 7 16277.41
"788" 1103 8 22257.28
"789" 1103 9 22117.41
"790" 1103 10 32278.23
"791" 1103 11 18936.17
"792" 1103 12 17842.63
"793" 1104 1 11664.52
"794" 1104 2 16539.76
"795" 1104 3 16557.11
"796" 1104 4 20712.75
"797" 1104 5 31299.27
"798" 1104 6 18380.16
"799" 1104 7 18778.63
"800" 1104 8 26242.36
"801" 1104 9 24562.77
"802" 1104 10 24064.02
"803" 1104 11 13924.02
"804" 1104 12 15072.11
"805" 1200 1 9304.12
"806" 1200 2 22531.2
"807" 1200 3 20431.6
"808" 1200 4 10956.75
"809" 1200 5 11442.92
"810" 1200 6 18542.62
"811" 1200 7 18225.77
"812" 1200 8 18064.35
"813" 1200 9 21342.14
"814" 1200 10 18541.74
"815" 1200 11 16110.63
"816" 1200 12 18084.22
"817" 1201 1 14392.39
"818" 1201 2 11576.96
"819" 1201 3 11825.95
"820" 1201 4 10317.18
"821" 1201 5 10125
"822" 1201 6 19610.94
"823" 1201 7 13774.26
"824" 1201 8 22628.07
"825" 1201 9 29070.59
"826" 1201 10 17837.57
"827" 1201 11 12543.25
"828" 1201 12 25758.56
"829" 1202 1 11308.46
"830" 1202 2 11093.48
"831" 1202 3 9974.77
"832" 1202 4 15751.21
"833" 1202 5 18193.02
"834" 1202 6 10141.29
"835" 1202 7 22768.17
"836" 1202 8 11923.77
"837" 1202 9 23005.82
"838" 1202 10 14756.35
"839" 1202 11 19280.48
"840" 1202 12 31928.48
"841" 1203 1 10963.82
"842" 1203 2 5566.7
"843" 1203 3 20276.8
"844" 1203 4 11668.91
"845" 1203 5 17770.34
"846" 1203 6 10671.77
"847" 1203 7 24491.93
"848" 1203 8 9684.29
"849" 1203 9 18228.41
"850" 1203 10 17561.98
"851" 1203 11 25251.95
"852" 1203 12 19482.95
"853" 1300 1 11853.6
"854" 1300 2 9793
"855" 1300 3 7085.85
"856" 1300 4 13543.64
"857" 1300 5 13556.92
"858" 1300 6 6185.21
"859" 1300 7 17447.69
"860" 1300 8 10742.51
"861" 1300 9 16899.61
"862" 1300 10 20467.62
"863" 1300 11 22643.34
"864" 1300 12 26769.16
"865" 1301 1 9716.18
"866" 1301 2 12035.33
"867" 1301 3 10151.4
"868" 1301 4 12486.69
"869" 1301 5 12557.96
"870" 1301 6 19937.86
"871" 1301 7 24349.91
"872" 1301 8 15011.28
"873" 1301 9 24190.88
"874" 1301 10 23532.65
"875" 1301 11 16705.8
"876" 1301 12 16386.63
"877" 1302 1 9690.62
"878" 1302 2 11598.78
"879" 1302 3 9452.1
"880" 1302 4 13697.33
"881" 1302 5 15818.57
"882" 1302 6 15995.35
"883" 1302 7 19158.31
"884" 1302 8 16029.55
"885" 1302 9 12167.71
"886" 1302 10 20916.05
"887" 1302 11 14752.55
"888" 1302 12 27184.26
"889" 1400 1 16502.88
"890" 1400 2 11262.14
"891" 1400 3 12894.51
"892" 1400 4 16652.6
"893" 1400 5 22814.48
"894" 1400 6 22225.34
"895" 1400 7 13579.7
"896" 1400 8 17570
"897" 1400 9 17304.95
"898" 1400 10 19724.12
"899" 1400 11 20003.23
"900" 1400 12 28150.98
"901" 1401 1 18322.38
"902" 1401 2 6599.68
"903" 1401 3 17534.1
"904" 1401 4 22466.28
"905" 1401 5 20546.53
"906" 1401 6 14928.75
"907" 1401 7 21981.06
"908" 1401 8 14305.93
"909" 1401 9 23103.49
"910" 1401 10 18462.26
"911" 1401 11 28376.3
"912" 1401 12 11102.32
"913" 1402 1 16011.23
"914" 1402 2 8513.43
"915" 1402 3 13516.34
"916" 1402 4 19859.18
"917" 1402 5 12148.76
"918" 1402 6 13958.04
"919" 1402 7 22020.3
"920" 1402 8 19558.52
"921" 1402 9 19462.12
"922" 1402 10 16921.2
"923" 1402 11 25772.15
"924" 1402 12 23003.32
"925" 1403 1 10765.09
"926" 1403 2 17951.44
"927" 1403 3 14713.93
"928" 1403 4 16050.44
"929" 1403 5 23482.75
"930" 1403 6 29827.61
"931" 1403 7 18853.29
"932" 1403 8 20448.53
"933" 1403 9 28873.27
"934" 1403 10 27762.66
"935" 1403 11 20372.38
"936" 1403 12 23762.97
"937" 1404 1 19876.86
"938" 1404 2 14273.49
"939" 1404 3 18048.54
"940" 1404 4 23431.61
"941" 1404 5 18182.55
"942" 1404 6 13811.64
"943" 1404 7 25738.17
"944" 1404 8 26245.38
"945" 1404 9 23849.76
"946" 1404 10 30208.11
"947" 1404 11 23959.11
"948" 1404 12 32926.82
"949" 1405 1 17370.19
"950" 1405 2 11437.38
"951" 1405 3 15270.44
"952" 1405 4 22126.95
"953" 1405 5 14228.14
"954" 1405 6 11797.72
"955" 1405 7 24051.94
"956" 1405 8 26430.73
"957" 1405 9 20589.09
"958" 1405 10 24721.8
"959" 1405 11 26480.9
"960" 1405 12 24201.37
"961" 1406 1 17764
"962" 1406 2 18746.65
"963" 1406 3 31953.24
"964" 1406 4 21486.61
"965" 1406 5 22334.53
"966" 1406 6 12619.16
"967" 1406 7 26554.14
"968" 1406 8 27095.05
"969" 1406 9 22261.07
"970" 1406 10 25727.68
"971" 1406 11 31352.76
"972" 1406 12 25267.61
"973" 1407 1 10353.85
"974" 1407 2 17447.21
"975" 1407 3 19812.62
"976" 1407 4 27793.78
"977" 1407 5 31839.23
"978" 1407 6 28445.09
"979" 1407 7 22313.2
"980" 1407 8 31091.16
"981" 1407 9 26088.23
"982" 1407 10 26321.95
"983" 1407 11 26505.59
"984" 1407 12 35584.07
"985" 1500 1 15384.15
"986" 1500 2 5578.1
"987" 1500 3 18066.24
"988" 1500 4 11418.42
"989" 1500 5 21012.79
"990" 1500 6 15747.28
"991" 1500 7 13497.57
"992" 1500 8 17460.55
"993" 1500 9 10353.54
"994" 1500 10 14029.72
"995" 1500 11 26321.82
"996" 1500 12 17127.39
"997" 1501 1 21761.33
"998" 1501 2 18519.58
"999" 1501 3 21572.95
"1000" 1501 4 17668.9
"1001" 1501 5 17937.62
"1002" 1501 6 22440.73
"1003" 1501 7 20244.39
"1004" 1501 8 27118.94
"1005" 1501 9 23571.45
"1006" 1501 10 13986.87
"1007" 1501 11 30093.81
"1008" 1501 12 31882.02
"1009" 1502 1 10066.03
"1010" 1502 2 8814.11
"1011" 1502 3 18712.09
"1012" 1502 4 13999.01
"1013" 1502 5 18158.4
"1014" 1502 6 13017.59
"1015" 1502 7 21256.45
"1016" 1502 8 20123.82
"1017" 1502 9 18485.21
"1018" 1502 10 20165.67
"1019" 1502 11 25705.82
"1020" 1502 12 29959.75
"1021" 1503 1 29665.46
"1022" 1503 2 19115.86
"1023" 1503 3 11379.7
"1024" 1503 4 15830.79
"1025" 1503 5 16946.54
"1026" 1503 6 13239.45
"1027" 1503 7 21722.83
"1028" 1503 8 16908.75
"1029" 1503 9 20573.18
"1030" 1503 10 32053.58
"1031" 1503 11 23762.08
"1032" 1503 12 32732.08
"1033" 1504 1 11144.53
"1034" 1504 2 23940.44
"1035" 1504 3 20484.76
"1036" 1504 4 13915.51
"1037" 1504 5 29657.71
"1038" 1504 6 19584.94
"1039" 1504 7 21762.27
"1040" 1504 8 20310.11
"1041" 1504 9 20999
"1042" 1504 10 34175.53
"1043" 1504 11 9343.21
"1044" 1504 12 29328.01
"1045" 1600 1 11139.9
"1046" 1600 2 4811.93
"1047" 1600 3 16000.32
"1048" 1600 4 18052.86
"1049" 1600 5 16530.01
"1050" 1600 6 20268.25
"1051" 1600 7 17483.21
"1052" 1600 8 21061.5
"1053" 1600 9 14022.07
"1054" 1600 10 14952.5
"1055" 1600 11 20734.65
"1056" 1600 12 26857.94
"1057" 1601 1 14453.25
"1058" 1601 2 10502.38
"1059" 1601 3 11215.21
"1060" 1601 4 20025.29
"1061" 1601 5 13475.82
"1062" 1601 6 21869.01
"1063" 1601 7 22456.3
"1064" 1601 8 18537.21
"1065" 1601 9 16761.29
"1066" 1601 10 23179.29
"1067" 1601 11 17694.34
"1068" 1601 12 14391.86
"1069" 1602 1 16708.98
"1070" 1602 2 17743.29
"1071" 1602 3 NA
"1072" 1602 4 10683.07
"1073" 1602 5 19919.65
"1074" 1602 6 27069.18
"1075" 1602 7 NA
"1076" 1602 8 21243.56
"1077" 1602 9 22277.87
"1078" 1602 10 23604.93
"1079" 1602 11 28191.7
"1080" 1602 12 23678.43
"1081" 1603 1 14070.81
"1082" 1603 2 17291.86
"1083" 1603 3 21587.71
"1084" 1603 4 11275.73
"1085" 1603 5 21644.51
"1086" 1603 6 18327.73
"1087" 1603 7 25326.88
"1088" 1603 8 20612.77
"1089" 1603 9 25100.01
"1090" 1603 10 27256.63
"1091" 1603 11 18728.68
"1092" 1603 12 21729.75
"1093" 1604 1 18938.92
"1094" 1604 2 20669.26
"1095" 1604 3 21348.04
"1096" 1604 4 21506.43
"1097" 1604 5 21469.62

"1098" 1604 6 27403.7
"1099" 1604 7 23051.07
"1100" 1604 8 27179.31
"1101" 1604 9 24404.2
"1102" 1604 10 21516.08
"1103" 1604 11 28438.81
"1104" 1604 12 31196.78
"1105" 1605 1 15931.95
"1106" 1605 2 14953.98
"1107" 1605 3 19721.64
"1108" 1605 4 17717.15
"1109" 1605 5 11381.16
"1110" 1605 6 23099.52
"1111" 1605 7 25666.63
"1112" 1605 8 26148.75
"1113" 1605 9 20108.94
"1114" 1605 10 12593.35
"1115" 1605 11 35344.85
"1116" 1605 12 32168.38
"1117" 1606 1 13987.66
"1118" 1606 2 16102.18
"1119" 1606 3 20173.54
"1120" 1606 4 19572.73
"1121" 1606 5 21938.61
"1122" 1606 6 29126.28
"1123" 1606 7 33671.64
"1124" 1606 8 30218.11
"1125" 1606 9 26983.15
"1126" 1606 10 32655.13
"1127" 1606 11 21362.12
"1128" 1606 12 30910.33
"1129" 1700 1 13999.19
"1130" 1700 2 15776.05
"1131" 1700 3 18023.48
"1132" 1700 4 16544.73
"1133" 1700 5 14676.6
"1134" 1700 6 7766.82
"1135" 1700 7 12348.44
"1136" 1700 8 16938.05
"1137" 1700 9 17960.38
"1138" 1700 10 18373.9
"1139" 1700 11 25698.94
"1140" 1700 12 30356.85
"1141" 1701 1 12381.79
"1142" 1701 2 8154.32
"1143" 1701 3 13988.49
"1144" 1701 4 21815.4
"1145" 1701 5 13735.19
"1146" 1701 6 24915.74
"1147" 1701 7 21757.8
"1148" 1701 8 21467.26
"1149" 1701 9 22408.99
"1150" 1701 10 12390.54
"1151" 1701 11 14624.16
"1152" 1701 12 24648.99
"1153" 1702 1 16968.26
"1154" 1702 2 NA
"1155" 1702 3 19133.07
"1156" 1702 4 21046.09
"1157" 1702 5 20843.26
"1158" 1702 6 28884.5
"1159" 1702 7 18835.27
"1160" 1702 8 13863.83
"1161" 1702 9 34923.95
"1162" 1702 10 22377.83
"1163" 1702 11 26914.82
"1164" 1702 12 27446.02
"1165" 1703 1 17387.07
"1166" 1703 2 8008.9
"1167" 1703 3 14601.72
"1168" 1703 4 21655.31
"1169" 1703 5 13380.53
"1170" 1703 6 22459.65
"1171" 1703 7 18957.79
"1172" 1703 8 19887.02
"1173" 1703 9 27252.48
"1174" 1703 10 26383.07
"1175" 1703 11 30234.77
"1176" 1703 12 25712.3
"1177" 1704 1 16101.08
"1178" 1704 2 25240.6
"1179" 1704 3 NA
"1180" 1704 4 16997.32
"1181" 1704 5 31270.35
"1182" 1704 6 20673.88
"1183" 1704 7 21283.3
"1184" 1704 8 30382.26
"1185" 1704 9 25411.59
"1186" 1704 10 19200.27
"1187" 1704 11 22680.11
"1188" 1704 12 26815.16
"1189" 1800 1 9825.27
"1190" 1800 2 11067.8
"1191" 1800 3 8823.82
"1192" 1800 4 12209.49
"1193" 1800 5 10484.88
"1194" 1800 6 11497.7
"1195" 1800 7 13600.35
"1196" 1800 8 15878.47
"1197" 1800 9 15388.88
"1198" 1800 10 14639.32
"1199" 1800 11 22382.75
"1200" 1800 12 17524.24
"1201" 1801 1 8451.51
"1202" 1801 2 6328.9
"1203" 1801 3 9890.35
"1204" 1801 4 5880.46
"1205" 1801 5 15346.03
"1206" 1801 6 16858.07
"1207" 1801 7 13449.04
"1208" 1801 8 12755.92
"1209" 1801 9 24696.25
"1210" 1801 10 16516.15
"1211" 1801 11 25539.45
"1212" 1801 12 22920.22
"1213" 1802 1 6030.26
"1214" 1802 2 11563.96
"1215" 1802 3 13949.68
"1216" 1802 4 7911.75
"1217" 1802 5 20361.61
"1218" 1802 6 13681.31
"1219" 1802 7 10450.25
"1220" 1802 8 11918.37
"1221" 1802 9 21123.44
"1222" 1802 10 9633.07
"1223" 1802 11 24302.09
"1224" 1802 12 20992.59
"1225" 1803 1 12095.97
"1226" 1803 2 12819.95
"1227" 1803 3 14928.56
"1228" 1803 4 11584.74
"1229" 1803 5 17995.78
"1230" 1803 6 17965.34
"1231" 1803 7 15020.26
"1232" 1803 8 16893.16
"1233" 1803 9 15232.07
"1234" 1803 10 23626.77
"1235" 1803 11 13646.85
"1236" 1803 12 29194.04
"1237" 1804 1 13518.61
"1238" 1804 2 11007.42
"1239" 1804 3 9184.67
"1240" 1804 4 16337.25
"1241" 1804 5 15350.18
"1242" 1804 6 14878.22
"1243" 1804 7 15881.72
"1244" 1804 8 16584.45
"1245" 1804 9 17133.42
"1246" 1804 10 16859.49
"1247" 1804 11 19090.52
"1248" 1804 12 17679.86
"1249" 1805 1 15079.95
"1250" 1805 2 4890.33
"1251" 1805 3 13610.9
"1252" 1805 4 20533.21
"1253" 1805 5 27340.59
"1254" 1805 6 14436.84
"1255" 1805 7 20991.94
"1256" 1805 8 17879.07
"1257" 1805 9 21964.53
"1258" 1805 10 18982.68
"1259" 1805 11 25294.67
"1260" 1805 12 21149
"1261" 1806 1 15502.84
"1262" 1806 2 9110.41
"1263" 1806 3 12314.76
"1264" 1806 4 22972.49
"1265" 1806 5 21741
"1266" 1806 6 14837.04
"1267" 1806 7 21018.02
"1268" 1806 8 16142.46
"1269" 1806 9 29590.36
"1270" 1806 10 18633.82
"1271" 1806 11 20216.64
"1272" 1806 12 23959.78
"1273" 1807 1 10253.06
"1274" 1807 2 12930.62
"1275" 1807 3 12468.46
"1276" 1807 4 14609.55
"1277" 1807 5 17337.01
"1278" 1807 6 20678.15
"1279" 1807 7 20931.4
"1280" 1807 8 18975.91
"1281" 1807 9 19037.16
"1282" 1807 10 12619.69
"1283" 1807 11 28385.46
"1284" 1807 12 31505.6
"1285" 1900 1 13535.97
"1286" 1900 2 13658.86
"1287" 1900 3 12734.57
"1288" 1900 4 19662.26
"1289" 1900 5 14412.33
"1290" 1900 6 18950.49
"1291" 1900 7 19563.48
"1292" 1900 8 19993.88
"1293" 1900 9 20279.34
"1294" 1900 10 17491.58
"1295" 1900 11 15562.55
"1296" 1900 12 38315.61
"1297" 1901 1 24277.94
"1298" 1901 2 15489.88
"1299" 1901 3 22832.84
"1300" 1901 4 27505.72
"1301" 1901 5 23094.86
"1302" 1901 6 18264.97
"1303" 1901 7 20511.78
"1304" 1901 8 21564.03
"1305" 1901 9 15395.99
"1306" 1901 10 26520.47
"1307" 1901 11 16137.67
"1308" 1901 12 24924.91
"1309" 1902 1 16764.52
"1310" 1902 2 16189.16
"1311" 1902 3 33771.09
"1312" 1902 4 20631.19
"1313" 1902 5 12972.07
"1314" 1902 6 19810.72
"1315" 1902 7 24919.5
"1316" 1902 8 18552.32
"1317" 1902 9 29171.03
"1318" 1902 10 24315.8
"1319" 1902 11 23612.74
"1320" 1902 12 20299.46
"1321" 1903 1 8621.6
"1322" 1903 2 20142.46
"1323" 1903 3 19397.28
"1324" 1903 4 NA
"1325" 1903 5 16439.01
"1326" 1903 6 24735.96
"1327" 1903 7 19658.48
"1328" 1903 8 20766.16
"1329" 1903 9 28417.35
"1330" 1903 10 23718.85
"1331" 1903 11 26125.66
"1332" 1903 12 24932.77
"1333" 1904 1 17114.85
"1334" 1904 2 27602.32
"1335" 1904 3 15271.36
"1336" 1904 4 21912.7
"1337" 1904 5 24055.76
"1338" 1904 6 17503.43
"1339" 1904 7 25062.26
"1340" 1904 8 32107.77
"1341" 1904 9 23671.6
"1342" 1904 10 27799.98
"1343" 1904 11 33394.47
"1344" 1904 12 27436.72
"1345" 1905 1 20957.72
"1346" 1905 2 11671.82
"1347" 1905 3 23401.89
"1348" 1905 4 18825.23
"1349" 1905 5 24078.41
"1350" 1905 6 18936.1
"1351" 1905 7 26113.3
"1352" 1905 8 21228.75
"1353" 1905 9 22724.91
"1354" 1905 10 22351.12
"1355" 1905 11 31028.69
"1356" 1905 12 34463.62
"1357" 1906 1 9792.93
"1358" 1906 2 26868.6
"1359" 1906 3 18485.91
"1360" 1906 4 17843.95
"1361" 1906 5 18939.62
"1362" 1906 6 23599.63
"1363" 1906 7 28183.92
"1364" 1906 8 20041.79
"1365" 1906 9 17291.88
"1366" 1906 10 21941.78
"1367" 1906 11 23843.19
"1368" 1906 12 32423.38
"1369" 1907 1 22200.54
"1370" 1907 2 17217.46
"1371" 1907 3 14769.91
"1372" 1907 4 30723.12
"1373" 1907 5 20730.46
"1374" 1907 6 17226.79
"1375" 1907 7 24107.8
"1376" 1907 8 20429
"1377" 1907 9 24337.2
"1378" 1907 10 33903.33
"1379" 1907 11 25961.53
"1380" 1907 12 24438.43
"1381" 1908 1 26867.57
"1382" 1908 2 15460.29
"1383" 1908 3 29630.67
"1384" 1908 4 22428.81
"1385" 1908 5 22657.11
"1386" 1908 6 17889.53
"1387" 1908 7 28854.28
"1388" 1908 8 24132.21
"1389" 1908 9 19729.49
"1390" 1908 10 22981.09
"1391" 1908 11 27522.78
"1392" 1908 12 26736.41
"1393" 2000 1 11643.27
"1394" 2000 2 15678.32
"1395" 2000 3 17651.49
"1396" 2000 4 24943.54
"1397" 2000 5 10046.63
"1398" 2000 6 18926.67
"1399" 2000 7 20731.28
"1400" 2000 8 20246.63
"1401" 2000 9 19931.29
"1402" 2000 10 26411.18
"1403" 2000 11 NA
"1404" 2000 12 19172.35
"1405" 2001 1 18122.21
"1406" 2001 2 9695.83
"1407" 2001 3 16549.17
"1408" 2001 4 19958.51
"1409" 2001 5 16954.74
"1410" 2001 6 18134.58
"1411" 2001 7 22252.44
"1412" 2001 8 18453.86
"1413" 2001 9 20228.12
"1414" 2001 10 28679.6
"1415" 2001 11 28360.24
"1416" 2001 12 20198.39
"1417" 2002 1 13931.45
"1418" 2002 2 9361.34
"1419" 2002 3 18477.64
"1420" 2002 4 17339.29
"1421" 2002 5 15007.71
"1422" 2002 6 13717.58
"1423" 2002 7 13464.17
"1424" 2002 8 20145.63
"1425" 2002 9 22443.98
"1426" 2002 10 23827.33
"1427" 2002 11 27524.69
"1428" 2002 12 24735.41
"1429" 2003 1 22363.16
"1430" 2003 2 23288.59
"1431" 2003 3 16922.21
"1432" 2003 4 20435.36
"1433" 2003 5 12482.09
"1434" 2003 6 20315.99
"1435" 2003 7 28575.65
"1436" 2003 8 13290.19
"1437" 2003 9 31186.3
"1438" 2003 10 22834.95
"1439" 2003 11 30856.35
"1440" 2003 12 23788.94
"1441" 2004 1 NA
"1442" 2004 2 15062.34
"1443" 2004 3 21654.26
"1444" 2004 4 18987.36
"1445" 2004 5 14496.76
"1446" 2004 6 26173.28
"1447" 2004 7 28801.94
"1448" 2004 8 21894.09
"1449" 2004 9 23582.77
"1450" 2004 10 30325.65
"1451" 2004 11 33851.62
"1452" 2004 12 34159.04
"1453" 2100 1 15781.02
"1454" 2100 2 14238.36
"1455" 2100 3 8154.6
"1456" 2100 4 7041.34
"1457" 2100 5 22174.1
"1458" 2100 6 18647.63
"1459" 2100 7 11172.03
"1460" 2100 8 16363.37
"1461" 2100 9 16421.59
"1462" 2100 10 14905.03
"1463" 2100 11 25234.18
"1464" 2100 12 21360.7
"1465" 2101 1 5081.41
"1466" 2101 2 18760.4
"1467" 2101 3 11005.81
"1468" 2101 4 9010.99
"1469" 2101 5 10285.55
"1470" 2101 6 19597.28
"1471" 2101 7 20988.64
"1472" 2101 8 17563.93
"1473" 2101 9 15858.63
"1474" 2101 10 21519.69
"1475" 2101 11 25023.98
"1476" 2101 12 30862.34
"1477" 2102 1 5288.94
"1478" 2102 2 12242.69
"1479" 2102 3 22307.74
"1480" 2102 4 11917.36
"1481" 2102 5 15981.41
"1482" 2102 6 17341.68
"1483" 2102 7 20095.24
"1484" 2102 8 24144.4
"1485" 2102 9 25914.96
"1486" 2102 10 24107.45
"1487" 2102 11 17216.04
"1488" 2102 12 26012.82
"1489" 2103 1 11476.68
"1490" 2103 2 13153.03
"1491" 2103 3 15936.25
"1492" 2103 4 13565.39
"1493" 2103 5 16549.56
"1494" 2103 6 NA
"1495" 2103 7 23918.75
"1496" 2103 8 22921.26
"1497" 2103 9 13343.16
"1498" 2103 10 25560.37
"1499" 2103 11 27107.31
"1500" 2103 12 25761.8
"1501" 2104 1 16939.84
"1502" 2104 2 13433.66
"1503" 2104 3 19135.9
"1504" 2104 4 16583.05
"1505" 2104 5 14404.05
"1506" 2104 6 19885.69
"1507" 2104 7 38439.11
"1508" 2104 8 15700.5
"1509" 2104 9 23037.59
"1510" 2104 10 19396.94
"1511" 2104 11 16131.99
"1512" 2104 12 26990.63
"1513" 2200 1 16756.07
"1514" 2200 2 20470.88
"1515" 2200 3 10910.48
"1516" 2200 4 15255.32
"1517" 2200 5 13388.38
"1518" 2200 6 25938.89
"1519" 2200 7 22225.81
"1520" 2200 8 18577.54
"1521" 2200 9 21888.15
"1522" 2200 10 30564.49
"1523" 2200 11 15171.78
"1524" 2200 12 21072.3
"1525" 2201 1 18009.21
"1526" 2201 2 15438.92
"1527" 2201 3 20559.5
"1528" 2201 4 15734.23
"1529" 2201 5 24303.66
"1530" 2201 6 21841.55
"1531" 2201 7 20608.38
"1532" 2201 8 25952.13
"1533" 2201 9 22415.36
"1534" 2201 10 23215.93
"1535" 2201 11 18861.81
"1536" 2201 12 29480.69
"1537" 2202 1 12779.94
"1538" 2202 2 21614.4
"1539" 2202 3 14178.15
"1540" 2202 4 20997.91
"1541" 2202 5 14332.16
"1542" 2202 6 20387.19
"1543" 2202 7 14380.82
"1544" 2202 8 20257.98
"1545" 2202 9 24675.56
"1546" 2202 10 24844.83
"1547" 2202 11 25978.64
"1548" 2202 12 26570.82
"1549" 2203 1 18604.8
"1550" 2203 2 14484.58
"1551" 2203 3 13532.88
"1552" 2203 4 17401.23
"1553" 2203 5 23053.58
"1554" 2203 6 19578.05
"1555" 2203 7 20734.66
"1556" 2203 8 23987.64
"1557" 2203 9 27606.16
"1558" 2203 10 20575.65
"1559" 2203 11 29335.27
"1560" 2203 12 18373.31
"1561" 2204 1 21362.27
"1562" 2204 2 16940.32
"1563" 2204 3 15340.35
"1564" 2204 4 19983.17
"1565" 2204 5 16150.23
"1566" 2204 6 29170.24
"1567" 2204 7 21039.21
"1568" 2204 8 23603.37
"1569" 2204 9 NA
"1570" 2204 10 24522.46
"1571" 2204 11 26708.3
"1572" 2204 12 39463.75
"1573" 2205 1 19363.74
"1574" 2205 2 14232.62
"1575" 2205 3 23515.09
"1576" 2205 4 23714.14
"1577" 2205 5 19223.71
"1578" 2205 6 25588.81
"1579" 2205 7 28661.64
"1580" 2205 8 26973.33
"1581" 2205 9 29227.46
"1582" 2205 10 29165.34
"1583" 2205 11 28788.27
"1584" 2205 12 24980.25
"1585" 2300 1 16435.26
"1586" 2300 2 11354.54
"1587" 2300 3 11806.89
"1588" 2300 4 17268.82
"1589" 2300 5 19783.79
"1590" 2300 6 12402.48
"1591" 2300 7 13173.73
"1592" 2300 8 22134.51
"1593" 2300 9 18031.65
"1594" 2300 10 25639.24
"1595" 2300 11 18429.99
"1596" 2300 12 19861.12
"1597" 2301 1 15929.93
"1598" 2301 2 16063.56
"1599" 2301 3 13882.59
"1600" 2301 4 15844.92
"1601" 2301 5 13165.42
"1602" 2301 6 21163.44
"1603" 2301 7 28999.92
"1604" 2301 8 20327.1
"1605" 2301 9 13821.51
"1606" 2301 10 25271.1
"1607" 2301 11 29486.61
"1608" 2301 12 17918.35
"1609" 2302 1 11360.97
"1610" 2302 2 10524.65
"1611" 2302 3 13199.64
"1612" 2302 4 13708.28
"1613" 2302 5 25131.96
"1614" 2302 6 15599.15
"1615" 2302 7 25398.73
"1616" 2302 8 18559.13
"1617" 2302 9 26556.4
"1618" 2302 10 26489.52
"1619" 2302 11 26890.33
"1620" 2302 12 26500.45
"1621" 2303 1 19390.29
"1622" 2303 2 19854.4
"1623" 2303 3 12346.67
"1624" 2303 4 23236.58
"1625" 2303 5 19133.21
"1626" 2303 6 28825.07
"1627" 2303 7 20363.07
"1628" 2303 8 24500.33
"1629" 2303 9 23228.88
"1630" 2303 10 27083.87
"1631" 2303 11 29886.32
"1632" 2303 12 30426.97
"1633" 2400 1 18033.09
"1634" 2400 2 17600.27
"1635" 2400 3 11421.9
"1636" 2400 4 7430.98
"1637" 2400 5 13510.6
"1638" 2400 6 21608.81
"1639" 2400 7 14648.02
"1640" 2400 8 18157.4
"1641" 2400 9 23343.99
"1642" 2400 10 16290.83
"1643" 2400 11 18578.05
"1644" 2400 12 21844.96
"1645" 2401 1 8693.43
"1646" 2401 2 14895.43
"1647" 2401 3 15222.46
"1648" 2401 4 14750.1
"1649" 2401 5 23722.01
"1650" 2401 6 21198.74
"1651" 2401 7 23616.32
"1652" 2401 8 12875.03
"1653" 2401 9 18555.34
"1654" 2401 10 18023.97
"1655" 2401 11 16459.61
"1656" 2401 12 21197.75
"1657" 2402 1 11539.79
"1658" 2402 2 16179.18
"1659" 2402 3 22933.77
"1660" 2402 4 12665.66
"1661" 2402 5 14595.28
"1662" 2402 6 16399.11
"1663" 2402 7 15097.66
"1664" 2402 8 15882.53
"1665" 2402 9 32024.49
"1666" 2402 10 22015.86
"1667" 2402 11 25548.28
"1668" 2402 12 30715.28
"1669" 2403 1 11462.38
"1670" 2403 2 14211.68
"1671" 2403 3 17464.44
"1672" 2403 4 20565.18
"1673" 2403 5 12562.7
"1674" 2403 6 20333.8
"1675" 2403 7 8290.23
"1676" 2403 8 NA
"1677" 2403 9 21549.49
"1678" 2403 10 12073.74
"1679" 2403 11 17905.88
"1680" 2403 12 16486.86
"1681" 2404 1 8940.56
"1682" 2404 2 14970.25
"1683" 2404 3 17552.95
"1684" 2404 4 23910.29
"1685" 2404 5 21843.99
"1686" 2404 6 20982.94
"1687" 2404 7 15630.31
"1688" 2404 8 22541.89
"1689" 2404 9 20183.71
"1690" 2404 10 20425.27
"1691" 2404 11 17998.48
"1692" 2404 12 20266.34
"1693" 2405 1 21369.36
"1694" 2405 2 14862.01
"1695" 2405 3 20811.23
"1696" 2405 4 23054.69
"1697" 2405 5 10467
"1698" 2405 6 16464.7
"1699" 2405 7 19186.13
"1700" 2405 8 29596.32
"1701" 2405 9 21203.93
"1702" 2405 10 28274.7
"1703" 2405 11 20619.85
"1704" 2405 12 31240.72
"1705" 2406 1 16568.2
"1706" 2406 2 23437.52
"1707" 2406 3 18600.94
"1708" 2406 4 22308.05
"1709" 2406 5 22118.47
"1710" 2406 6 21763.83
"1711" 2406 7 21265.63
"1712" 2406 8 24290.93
"1713" 2406 9 31396.26
"1714" 2406 10 25227.08
"1715" 2406 11 22916.87
"1716" 2406 12 31517.38
"1717" 2407 1 19872.76
"1718" 2407 2 12719.73
"1719" 2407 3 15353.37
"1720" 2407 4 13797.4
"1721" 2407 5 20406.37
"1722" 2407 6 17040.6
"1723" 2407 7 19391.77
"1724" 2407 8 18593.87
"1725" 2407 9 24852.16
"1726" 2407 10 20218.14
"1727" 2407 11 27707.94
"1728" 2407 12 40397.79
"1729" 2408 1 25508.93
"1730" 2408 2 17454.4
"1731" 2408 3 23230.64
"1732" 2408 4 13206.44
"1733" 2408 5 17039.28
"1734" 2408 6 23564.63
"1735" 2408 7 23539.87
"1736" 2408 8 27985.84
"1737" 2408 9 21770.71
"1738" 2408 10 22510.92
"1739" 2408 11 35243.65
"1740" 2408 12 28906.55
"1741" 2500 1 NA
"1742" 2500 2 NA
"1743" 2500 3 NA
"1744" 2500 4 NA
"1745" 2500 5 14693.87
"1746" 2500 6 23679.55
"1747" 2500 7 6646.23
"1748" 2500 8 18816.07
"1749" 2500 9 17417.94
"1750" 2500 10 23093.73
"1751" 2500 11 24393.31
"1752" 2500 12 24824.06
"1753" 2501 1 NA
"1754" 2501 2 NA
"1755" 2501 3 NA
"1756" 2501 4 NA
"1757" 2501 5 13849.65
"1758" 2501 6 12854.86
"1759" 2501 7 16397.01
"1760" 2501 8 20156.91
"1761" 2501 9 16973.25
"1762" 2501 10 24509.61
"1763" 2501 11 17944.28
"1764" 2501 12 19170.44
"1765" 2502 1 NA
"1766" 2502 2 NA
"1767" 2502 3 NA
"1768" 2502 4 NA
"1769" 2502 5 18978.58
"1770" 2502 6 18813.71
"1771" 2502 7 26028.62
"1772" 2502 8 16445.14
"1773" 2502 9 26093.24
"1774" 2502 10 22295.39
"1775" 2502 11 20519.21
"1776" 2502 12 23138.91
"1777" 2503 1 NA
"1778" 2503 2 NA
"1779" 2503 3 NA
"1780" 2503 4 NA
"1781" 2503 5 18934.89
"1782" 2503 6 11181.89
"1783" 2503 7 24473.13
"1784" 2503 8 22487.61
"1785" 2503 9 20527.81
"1786" 2503 10 23206.42
"1787" 2503 11 25929.89
"1788" 2503 12 33579.49
"1789" 2504 1 NA
"1790" 2504 2 NA
"1791" 2504 3 NA
"1792" 2504 4 NA
"1793" 2504 5 18436.42
"1794" 2504 6 17302.82
"1795" 2504 7 30474.46
"1796" 2504 8 19388.83
"1797" 2504 9 23814.61
"1798" 2504 10 15438.43
"1799" 2504 11 20388.2
"1800" 2504 12 27398.28
